Total number of selected RHESSI TGFs = 67
009588 	    163098854.254077 	2009 	03 	 2 	17 	14 	14.254076 	   17.42 	   -1.64 	  522.78
009669 	    163590087.958609 	2009 	03 	 8 	 9 	41 	27.958609 	  110.96 	   -2.33 	  519.57
009672 	    163608362.205007 	2009 	03 	 8 	14 	46 	 2.205006 	  106.13 	   -1.46 	  524.74
009681 	    163663973.166566 	2009 	03 	 9 	 6 	12 	53.166566 	  136.68 	   -1.93 	  523.75
009682 	    163673775.205678 	2009 	03 	 9 	 8 	56 	15.205677 	   -6.65 	    1.89 	  546.64
009765 	    164181744.994547 	2009 	03 	15 	 6 	 2 	24.994547 	   -8.08 	    1.73 	  542.00
009769 	    164206863.083206 	2009 	03 	15 	13 	 1 	 3.083205 	   28.88 	   -2.43 	  535.20
009806 	    164428801.655135 	2009 	03 	18 	 2 	40 	 1.655135 	  123.28 	   -2.15 	  547.73
009846 	    164676530.559746 	2009 	03 	20 	23 	28 	50.559745 	  -65.70 	    1.17 	  528.38
009848 	    164690007.624521 	2009 	03 	21 	 3 	13 	27.624520 	    7.48 	    0.89 	  526.41
009885 	    164911936.749445 	2009 	03 	23 	16 	52 	16.749444 	  100.89 	    2.16 	  519.79
009928 	    165175470.924223 	2009 	03 	26 	18 	 4 	30.924223 	  121.85 	   -0.17 	  518.86
009974 	    165456854.092701 	2009 	03 	30 	 0 	14 	14.092700 	  112.88 	   -2.23 	  526.47
010035 	    165830024.913614 	2009 	04 	 3 	 7 	53 	44.913614 	  102.52 	    2.40 	  544.22
010037 	    165842265.218162 	2009 	04 	 3 	11 	17 	45.218162 	  102.34 	    1.93 	  547.81
010038 	    165848506.649178 	2009 	04 	 3 	13 	 1 	46.649177 	  109.32 	    0.75 	  544.44
010042 	    165875955.460827 	2009 	04 	 3 	20 	39 	15.460826 	  -75.86 	    2.46 	  545.70
010051 	    165927897.969787 	2009 	04 	 4 	11 	 4 	57.969787 	   99.27 	    1.87 	  547.91
010194 	    166807712.294310 	2009 	04 	14 	15 	28 	32.294310 	    9.89 	   -0.61 	  532.47
010198 	    166832517.881917 	2009 	04 	14 	22 	21 	57.881916 	   28.65 	   -1.62 	  546.80
010236 	    167064941.089524 	2009 	04 	17 	14 	55 	41.089524 	   20.04 	   -1.64 	  528.14
010253 	    167168799.555159 	2009 	04 	18 	19 	46 	39.555159 	    9.02 	   -2.26 	  541.15
010307 	    167499371.237879 	2009 	04 	22 	15 	36 	11.237879 	   13.19 	   -2.46 	  522.25
010309 	    167511558.920311 	2009 	04 	22 	18 	59 	18.920311 	   10.19 	   -1.69 	  532.29
010309 	    167511834.080485 	2009 	04 	22 	19 	 3 	54.080484 	   26.36 	   -1.07 	  536.61
010328 	    167628090.837920 	2009 	04 	24 	 3 	21 	30.837920 	   24.22 	    2.35 	  545.53
010351 	    167756444.252644 	2009 	04 	25 	15 	 0 	44.252644 	   14.17 	   -2.38 	  519.49
010378 	    167933977.319273 	2009 	04 	27 	16 	19 	37.319272 	   16.75 	   -1.41 	  520.07
010396 	    168039596.595375 	2009 	04 	28 	21 	39 	56.595375 	  109.20 	    1.30 	  547.79
010433 	    168265883.979027 	2009 	05 	 1 	12 	31 	23.979027 	   99.55 	    0.99 	  519.79
010436 	    168289136.827184 	2009 	05 	 1 	18 	58 	56.827183 	   27.36 	    1.91 	  523.04
010497 	    168662281.339014 	2009 	05 	 6 	 2 	38 	 1.339013 	   15.94 	   -0.47 	  540.38
010572 	    169116671.600948 	2009 	05 	11 	 8 	51 	11.600948 	  102.92 	    2.05 	  535.04
010620 	    169410588.395059 	2009 	05 	14 	18 	29 	48.395058 	  111.67 	   -2.11 	  521.31
010703 	    169923104.347076 	2009 	05 	20 	16 	51 	44.347075 	   17.93 	    0.39 	  541.52
010719 	    170021030.760231 	2009 	05 	21 	20 	 3 	50.760230 	   17.97 	   -1.85 	  531.60
010729 	    170082098.204482 	2009 	05 	22 	13 	 1 	38.204481 	   10.38 	    2.10 	  547.35
010901 	    171130508.455918 	2009 	06 	 3 	16 	15 	 8.455918 	  118.54 	    0.91 	  541.05
010901 	    171134996.545716 	2009 	06 	 3 	17 	29 	56.545715 	   22.86 	   -2.01 	  547.22
011001 	    171746905.956164 	2009 	06 	10 	19 	28 	25.956164 	   16.10 	    1.18 	  544.11
011337 	    173803436.928559 	2009 	07 	 4 	14 	43 	56.928559 	   23.77 	    0.50 	  531.92
011640 	    175657752.408833 	2009 	07 	26 	 1 	49 	12.408832 	   17.91 	    1.16 	  527.11
011921 	    177376065.709123 	2009 	08 	14 	23 	 7 	45.709122 	  -66.94 	   -0.70 	  522.43
011969 	    177668006.152086 	2009 	08 	18 	 8 	13 	26.152085 	 -174.31 	   -2.38 	  523.12
012191 	    179028438.574627 	2009 	09 	 3 	 2 	 7 	18.574627 	  -70.63 	    1.62 	  522.72
012208 	    179132520.253773 	2009 	09 	 4 	 7 	 2 	 0.253773 	  -67.95 	    1.95 	  520.21
012258 	    179438477.332989 	2009 	09 	 7 	20 	 1 	17.332989 	  -70.90 	   -0.44 	  547.33
012356 	    180038409.530907 	2009 	09 	14 	18 	40 	 9.530907 	  -61.03 	    1.54 	  544.11
012393 	    180261526.178695 	2009 	09 	17 	 8 	38 	46.178694 	  103.35 	    2.38 	  543.47
012400 	    180307705.017792 	2009 	09 	17 	21 	28 	25.017791 	  -60.32 	    2.34 	  546.95
012411 	    180370441.383039 	2009 	09 	18 	14 	54 	 1.383038 	   30.05 	    2.37 	  545.69
012428 	    180478920.170548 	2009 	09 	19 	21 	 2 	 0.170547 	  -68.84 	    2.32 	  543.00
012510 	    180982389.635551 	2009 	09 	25 	16 	53 	 9.635551 	   26.75 	   -0.55 	  542.30
012697 	    182126768.463307 	2009 	10 	 8 	22 	46 	 8.463306 	   22.97 	    1.25 	  541.77
012727 	    182308850.927842 	2009 	10 	11 	 1 	20 	50.927841 	  -66.23 	   -0.09 	  526.15
012731 	    182330290.227079 	2009 	10 	11 	 7 	18 	10.227079 	  114.56 	   -2.47 	  520.65
012735 	    182359397.537348 	2009 	10 	11 	15 	23 	17.537348 	   26.91 	   -1.98 	  519.03
012735 	    182359446.361012 	2009 	10 	11 	15 	24 	 6.361012 	   29.80 	   -1.90 	  519.06
012805 	    182787753.341585 	2009 	10 	16 	14 	22 	33.341585 	   24.23 	   -1.19 	  524.14
012809 	    182810695.148692 	2009 	10 	16 	20 	44 	55.148692 	  -66.23 	   -0.90 	  523.27
012818 	    182867276.797752 	2009 	10 	17 	12 	27 	56.797751 	   22.05 	   -1.94 	  532.60
012820 	    182879480.062624 	2009 	10 	17 	15 	51 	20.062624 	   19.96 	   -0.08 	  522.27
012820 	    182879551.006530 	2009 	10 	17 	15 	52 	31.006529 	   24.14 	    0.11 	  521.60
013075 	    184440178.457508 	2009 	11 	 4 	17 	22 	58.457507 	   26.81 	   -0.09 	  542.16
013087 	    184513566.233190 	2009 	11 	 5 	13 	46 	 6.233190 	   24.08 	    1.82 	  547.66
013105 	    184622146.517699 	2009 	11 	 6 	19 	55 	46.517699 	  -68.69 	    1.49 	  546.87
013106 	    184628245.077404 	2009 	11 	 6 	21 	37 	25.077403 	  -70.05 	    0.53 	  547.54
013107 	    184634327.074983 	2009 	11 	 6 	23 	18 	47.074983 	  -72.39 	   -0.47 	  545.94
013121 	    184717308.038881 	2009 	11 	 7 	22 	21 	48.038881 	  129.14 	    1.10 	  520.28
013157 	    184937991.131156 	2009 	11 	10 	11 	39 	51.131155 	  150.47 	   -2.47 	  541.45
013176 	    185058226.782796 	2009 	11 	11 	21 	 3 	46.782795 	   23.31 	   -2.24 	  541.08
013204 	    185228045.468579 	2009 	11 	13 	20 	14 	 5.468578 	  -66.77 	   -1.20 	  540.79
013226 	    185359418.084408 	2009 	11 	15 	 8 	43 	38.084407 	  101.22 	   -1.50 	  537.38
013228 	    185372190.865323 	2009 	11 	15 	12 	16 	30.865323 	  132.36 	   -2.06 	  547.04
013261 	    185573726.272235 	2009 	11 	17 	20 	15 	26.272235 	  107.43 	    2.09 	  532.87
013326 	    185976062.045437 	2009 	11 	22 	12 	 1 	 2.045437 	   15.22 	   -2.17 	  520.21
013327 	    185982188.220330 	2009 	11 	22 	13 	43 	 8.220329 	   15.70 	   -2.47 	  524.01
013341 	    186066245.246428 	2009 	11 	23 	13 	 4 	 5.246428 	  -80.00 	    0.37 	  526.33
013471 	    186845169.650953 	2009 	12 	 2 	13 	26 	 9.650952 	   20.73 	   -0.24 	  519.47
013643 	    187916219.267017 	2009 	12 	14 	22 	56 	59.267017 	   26.30 	   -2.29 	  524.31
013723 	    188405721.485605 	2009 	12 	20 	14 	55 	21.485605 	   21.39 	    0.36 	  538.39
013795 	    188846215.985106 	2009 	12 	25 	17 	16 	55.985105 	   14.01 	   -2.20 	  539.57
013841 	    189123059.755204 	2009 	12 	28 	22 	10 	59.755203 	  100.04 	    2.32 	  519.62
013937 	    189709273.498206 	2010 	01 	 4 	17 	 1 	13.498205 	   24.87 	   -1.02 	  547.61
013946 	    189759583.319275 	2010 	01 	 5 	 6 	59 	43.319274 	  104.65 	   -2.47 	  538.04
013949 	    189788866.168318 	2010 	01 	 5 	15 	 7 	46.168318 	   27.17 	   -1.68 	  546.17
014017 	    190195462.531321 	2010 	01 	10 	 8 	 4 	22.531320 	 -174.25 	    1.89 	  546.91
014032 	    190296691.436833 	2010 	01 	11 	12 	11 	31.436832 	   20.97 	   -1.68 	  527.06
014049 	    190400779.426519 	2010 	01 	12 	17 	 6 	19.426519 	   24.04 	    1.72 	  543.15
014135 	    190926915.359285 	2010 	01 	18 	19 	15 	15.359284 	   15.12 	    2.15 	  539.71
014140 	    190957257.574614 	2010 	01 	19 	 3 	40 	57.574613 	   -0.37 	   -1.98 	  543.27
014390 	    192487460.005433 	2010 	02 	 5 	20 	44 	20.005432 	   17.93 	   -2.16 	  519.91
014398 	    192532282.436043 	2010 	02 	 6 	 9 	11 	22.436042 	  134.45 	   -2.26 	  521.07
014446 	    192827348.332384 	2010 	02 	 9 	19 	 9 	 8.332383 	 -147.18 	    1.46 	  546.64
014450 	    192849823.475096 	2010 	02 	10 	 1 	23 	43.475095 	   95.08 	    2.10 	  544.34
014487 	    193080916.932092 	2010 	02 	12 	17 	35 	16.932092 	    9.51 	   -2.09 	  529.95
014500 	    193155890.579362 	2010 	02 	13 	14 	24 	50.579362 	  100.14 	   -0.33 	  521.76
014606 	    193806647.671412 	2010 	02 	21 	 3 	10 	47.671411 	 -136.69 	    0.48 	  542.58
014636 	    193986584.988812 	2010 	02 	23 	 5 	 9 	44.988811 	    9.12 	   -1.03 	  520.26
014646 	    194046407.543543 	2010 	02 	23 	21 	46 	47.543543 	  -71.71 	    0.80 	  546.99
014663 	    194146908.085228 	2010 	02 	25 	 1 	41 	48.085227 	   80.82 	   -2.14 	  520.94
014674 	    194223862.022595 	2010 	02 	25 	23 	 4 	22.022594 	  -72.23 	    2.03 	  546.63
014681 	    194263560.470268 	2010 	02 	26 	10 	 6 	 0.470268 	  103.28 	    1.59 	  547.09
014710 	    194441199.605266 	2010 	02 	28 	11 	26 	39.605266 	  113.64 	    2.47 	  546.78
014711 	    194451742.021197 	2010 	02 	28 	14 	22 	22.021196 	   14.05 	    1.37 	  543.30
014744 	    194646163.101391 	2010 	03 	 2 	20 	22 	43.101390 	  -68.22 	    2.15 	  541.71
014744 	    194652204.461481 	2010 	03 	 2 	22 	 3 	24.461481 	  -72.86 	    2.44 	  545.03
014771 	    194814385.868519 	2010 	03 	 4 	19 	 6 	25.868519 	  107.82 	   -2.00 	  531.99
014803 	    195007183.689821 	2010 	03 	 7 	 0 	39 	43.689821 	  -69.56 	    0.88 	  546.59
014867 	    195406280.410193 	2010 	03 	11 	15 	31 	20.410192 	    9.47 	    1.57 	  529.37
014892 	    195546984.468247 	2010 	03 	13 	 6 	36 	24.468246 	    6.62 	    0.76 	  528.55
014898 	    195583886.792101 	2010 	03 	13 	16 	51 	26.792100 	   18.07 	   -0.29 	  533.12
014929 	    195784145.930870 	2010 	03 	16 	 0 	29 	 5.930869 	  -80.61 	   -1.66 	  532.85
014994 	    196183454.634879 	2010 	03 	20 	15 	24 	14.634878 	   10.86 	   -1.48 	  519.17
015040 	    196460728.210024 	2010 	03 	23 	20 	25 	28.210023 	  123.11 	    2.34 	  546.82
015134 	    197035835.951574 	2010 	03 	30 	12 	10 	35.951573 	  117.65 	   -0.01 	  518.33
015152 	    197150111.769684 	2010 	03 	31 	19 	55 	11.769683 	    0.66 	    0.44 	  518.55
015164 	    197223755.156755 	2010 	04 	 1 	16 	22 	35.156755 	   13.10 	   -0.97 	  522.96
015164 	    197224013.940926 	2010 	04 	 1 	16 	26 	53.940925 	   28.37 	   -0.30 	  520.44
015205 	    197468672.411359 	2010 	04 	 4 	12 	24 	32.411359 	   22.06 	   -1.88 	  539.05
015259 	    197800458.662721 	2010 	04 	 8 	 8 	34 	18.662721 	  101.81 	    0.23 	  539.33
015288 	    197982531.711560 	2010 	04 	10 	11 	 8 	51.711560 	   13.91 	   -1.08 	  547.32
015303 	    198069950.269814 	2010 	04 	11 	11 	25 	50.269814 	  116.71 	    2.47 	  530.14
015305 	    198081951.724206 	2010 	04 	11 	14 	45 	51.724206 	  102.88 	    1.97 	  522.45
015321 	    198184911.894615 	2010 	04 	12 	19 	21 	51.894614 	   40.32 	    1.46 	  522.98
015329 	    198228799.651474 	2010 	04 	13 	 7 	33 	19.651473 	  102.43 	    1.35 	  546.42
015332 	    198247189.610600 	2010 	04 	13 	12 	39 	49.610599 	  104.23 	    2.27 	  532.07
015402 	    198675678.925180 	2010 	04 	18 	11 	41 	18.925179 	  113.64 	    1.22 	  540.90
015433 	    198857339.349236 	2010 	04 	20 	14 	 8 	59.349236 	    1.64 	    2.46 	  544.57
015443 	    198926382.961981 	2010 	04 	21 	 9 	19 	42.961980 	  103.62 	    1.90 	  546.57
015576 	    199740137.072694 	2010 	04 	30 	19 	22 	17.072694 	   99.51 	   -0.14 	  536.31
015639 	    200130086.841187 	2010 	05 	 5 	 7 	41 	26.841187 	    1.93 	    2.08 	  523.19
015641 	    200137859.185761 	2010 	05 	 5 	 9 	50 	59.185761 	   99.58 	   -2.36 	  530.13
015660 	    200254138.987045 	2010 	05 	 6 	18 	 8 	58.987044 	  100.51 	    1.24 	  546.02
015670 	    200309422.891378 	2010 	05 	 7 	 9 	30 	22.891377 	  113.44 	   -2.43 	  528.96
015672 	    200326199.486116 	2010 	05 	 7 	14 	 9 	59.486115 	   20.43 	   -2.41 	  523.92
015698 	    200486666.127397 	2010 	05 	 9 	10 	44 	26.127397 	  101.47 	   -2.07 	  527.41
015710 	    200560217.359745 	2010 	05 	10 	 7 	10 	17.359744 	  108.65 	   -2.45 	  518.68
015781 	    200997613.889490 	2010 	05 	15 	 8 	40 	13.889490 	  -77.26 	    1.46 	  546.68
015885 	    201635638.222773 	2010 	05 	22 	17 	53 	58.222772 	   20.90 	    2.45 	  518.50
015988 	    202253723.524156 	2010 	05 	29 	21 	35 	23.524156 	   26.14 	   -1.05 	  519.40
015988 	    202255102.098611 	2010 	05 	29 	21 	58 	22.098610 	  107.41 	   -2.28 	  537.09
016043 	    202597654.849132 	2010 	06 	 2 	21 	 7 	34.849132 	  101.69 	   -1.95 	  526.28
016045 	    202613255.589766 	2010 	06 	 3 	 1 	27 	35.589765 	  -60.82 	   -1.30 	  520.33
016065 	    202726205.315286 	2010 	06 	 4 	 8 	50 	 5.315286 	  104.63 	    1.62 	  540.61
016082 	    202841004.825734 	2010 	06 	 5 	16 	43 	24.825733 	   18.88 	   -0.13 	  535.50
016180 	    203436494.135051 	2010 	06 	12 	14 	 8 	14.135051 	  135.01 	   -1.61 	  527.00
016262 	    203938388.282891 	2010 	06 	18 	 9 	33 	 8.282891 	  144.62 	   -1.90 	  545.93
016365 	    204572518.208073 	2010 	06 	25 	17 	41 	58.208072 	   14.58 	    0.19 	  543.10
016449 	    205081978.407672 	2010 	07 	 1 	15 	12 	58.407671 	  109.32 	    2.28 	  545.24
016485 	    205305225.347729 	2010 	07 	 4 	 5 	13 	45.347728 	  -75.62 	    0.86 	  546.02
016535 	    205606876.124647 	2010 	07 	 7 	17 	 1 	16.124646 	   32.65 	    2.24 	  526.78
016539 	    205632666.840048 	2010 	07 	 8 	 0 	11 	 6.840047 	  109.65 	   -2.10 	  537.21
016550 	    205703059.321907 	2010 	07 	 8 	19 	44 	19.321907 	  -68.50 	    2.21 	  518.01
016589 	    205938635.316639 	2010 	07 	11 	13 	10 	35.316639 	  112.27 	    0.45 	  525.69
016594 	    205970099.184327 	2010 	07 	11 	21 	54 	59.184327 	  163.08 	   -0.24 	  538.41
016608 	    206048738.185546 	2010 	07 	12 	19 	45 	38.185546 	  110.27 	   -2.45 	  544.67
016614 	    206091468.366747 	2010 	07 	13 	 7 	37 	48.366746 	  104.12 	    2.46 	  521.15
016715 	    206709444.900471 	2010 	07 	20 	11 	17 	24.900471 	  104.02 	   -1.20 	  519.94
016897 	    207823250.656013 	2010 	08 	 2 	 8 	40 	50.656013 	  117.50 	   -2.26 	  543.27
016903 	    207860201.875821 	2010 	08 	 2 	18 	56 	41.875820 	  131.86 	    2.38 	  518.82
017053 	    208777026.947580 	2010 	08 	13 	 9 	37 	 6.947580 	   76.14 	    0.02 	  539.12
017128 	    209236732.858212 	2010 	08 	18 	17 	18 	52.858211 	  124.09 	   -1.21 	  537.48
017136 	    209289878.046840 	2010 	08 	19 	 8 	 4 	38.046840 	   11.32 	   -1.47 	  518.24
017146 	    209337630.767387 	2010 	08 	19 	21 	20 	30.767387 	  -58.73 	    2.45 	  538.65
017170 	    209493915.462721 	2010 	08 	21 	16 	45 	15.462720 	  136.42 	   -2.11 	  540.71
017211 	    209744756.301705 	2010 	08 	24 	14 	25 	56.301705 	  135.80 	   -1.84 	  546.08
017236 	    209897159.162099 	2010 	08 	26 	 8 	45 	59.162099 	  103.25 	    2.01 	  522.40
017298 	    210279745.323582 	2010 	08 	30 	19 	 2 	25.323581 	  -65.86 	    1.29 	  517.99
017441 	    211156046.546947 	2010 	09 	 9 	22 	27 	26.546947 	   15.46 	    0.33 	  527.31
017577 	    211983628.098645 	2010 	09 	19 	12 	20 	28.098645 	  110.05 	    1.32 	  522.74
017580 	    212005147.634817 	2010 	09 	19 	18 	19 	 7.634817 	  -63.65 	   -1.88 	  542.31
017584 	    212029584.820985 	2010 	09 	20 	 1 	 6 	24.820984 	  -65.78 	    1.95 	  520.76
017708 	    212788314.400829 	2010 	09 	28 	19 	51 	54.400828 	  -61.38 	    1.98 	  546.13
017737 	    212965702.245578 	2010 	09 	30 	21 	 8 	22.245577 	  -63.64 	    2.46 	  545.90
017752 	    213054299.528837 	2010 	10 	 1 	21 	44 	59.528836 	  109.64 	   -2.44 	  517.62
017776 	    213201156.482064 	2010 	10 	 3 	14 	32 	36.482064 	  110.64 	   -0.27 	  536.46
017788 	    213273124.232093 	2010 	10 	 4 	10 	32 	 4.232093 	   25.78 	    1.85 	  534.75
017836 	    213571299.109215 	2010 	10 	 7 	21 	21 	39.109214 	  -69.15 	    1.40 	  543.68
017917 	    214068448.021785 	2010 	10 	13 	15 	27 	28.021784 	   24.12 	   -0.81 	  537.54
017938 	    214183117.953267 	2010 	10 	14 	23 	18 	37.953267 	  -68.48 	   -2.04 	  540.77
017952 	    214274871.495314 	2010 	10 	16 	 0 	47 	51.495314 	  -69.50 	   -2.46 	  543.19
017957 	    214308583.478452 	2010 	10 	16 	10 	 9 	43.478451 	  114.24 	   -1.99 	  535.31
017987 	    214496635.473025 	2010 	10 	18 	14 	23 	55.473024 	   19.68 	   -1.63 	  524.84
018040 	    214816771.655258 	2010 	10 	22 	 7 	19 	31.655257 	  137.41 	   -2.46 	  521.70
018168 	    215593421.330723 	2010 	10 	31 	 7 	 3 	41.330722 	  117.95 	   -1.66 	  520.00
018218 	    215908437.791739 	2010 	11 	 3 	22 	33 	57.791738 	  -65.16 	    1.54 	  517.74
018245 	    216073513.749642 	2010 	11 	 5 	20 	25 	13.749642 	  -71.54 	    0.69 	  524.88
018246 	    216079616.113326 	2010 	11 	 5 	22 	 6 	56.113326 	  -72.40 	    1.63 	  520.36
018247 	    216085733.606360 	2010 	11 	 5 	23 	48 	53.606359 	  -72.32 	    2.28 	  517.78
018323 	    216541455.462040 	2010 	11 	11 	 6 	24 	15.462040 	  104.26 	    1.16 	  541.07
018339 	    216639511.100827 	2010 	11 	12 	 9 	38 	31.100827 	  114.30 	    2.45 	  529.12
018436 	    217238843.287612 	2010 	11 	19 	 8 	 7 	23.287611 	  102.29 	    2.12 	  545.05
018445 	    217296988.107606 	2010 	11 	20 	 0 	16 	28.107605 	  -76.32 	   -0.44 	  534.33
018469 	    217445808.058792 	2010 	11 	21 	17 	36 	48.058791 	   41.06 	   -1.66 	  533.01
018514 	    217716402.460295 	2010 	11 	24 	20 	46 	42.460294 	  124.71 	    0.86 	  517.67
018594 	    218210218.061709 	2010 	11 	30 	13 	56 	58.061708 	   23.91 	   -1.77 	  541.87
018668 	    218662867.063531 	2010 	12 	 5 	19 	41 	 7.063531 	   20.51 	   -0.28 	  546.05
018739 	    219095767.673059 	2010 	12 	10 	19 	56 	 7.673058 	  -64.45 	   -1.75 	  526.40
018829 	    219647733.111571 	2010 	12 	17 	 5 	15 	33.111571 	   16.62 	   -1.90 	  537.02
018965 	    220479790.903890 	2010 	12 	26 	20 	23 	10.903890 	   21.75 	   -0.20 	  523.90
018996 	    220647013.405858 	2010 	12 	28 	18 	50 	13.405858 	  142.44 	   -2.16 	  542.23
019074 	    221146514.316208 	2011 	01 	 3 	13 	35 	14.316208 	   16.83 	    1.46 	  534.35
019249 	    222215585.297793 	2011 	01 	15 	22 	33 	 5.297793 	  -69.50 	   -2.18 	  541.17
019348 	    222810527.093791 	2011 	01 	22 	19 	48 	47.093791 	   22.37 	    1.82 	  540.37
019381 	    223020299.862912 	2011 	01 	25 	 6 	 4 	59.862911 	  127.85 	   -1.32 	  537.22
019390 	    223074978.863426 	2011 	01 	25 	21 	16 	18.863425 	  105.29 	    0.07 	  520.88
019431 	    223313475.311764 	2011 	01 	28 	15 	31 	15.311764 	  100.79 	    2.30 	  543.85
019628 	    224534017.733685 	2011 	02 	11 	18 	33 	37.733684 	  -70.01 	    2.36 	  517.29
019655 	    224700654.798725 	2011 	02 	13 	16 	50 	54.798725 	   16.88 	   -0.18 	  520.40
019678 	    224836897.943906 	2011 	02 	15 	 6 	41 	37.943906 	  114.70 	    1.48 	  518.43
019777 	    225446798.147618 	2011 	02 	22 	 8 	 6 	38.147617 	    8.29 	    2.17 	  544.60
019986 	    226725222.915122 	2011 	03 	 9 	 3 	13 	42.915122 	    7.25 	    0.40 	  519.05
020032 	    227000433.446513 	2011 	03 	12 	 7 	40 	33.446512 	    4.62 	   -2.44 	  527.18
020094 	    227385431.369541 	2011 	03 	16 	18 	37 	11.369540 	  -16.61 	    2.45 	  545.30
020109 	    227471266.867590 	2011 	03 	17 	18 	27 	46.867590 	   -4.74 	    2.42 	  545.19
020124 	    227568108.152568 	2011 	03 	18 	21 	21 	48.152568 	  -65.01 	    2.46 	  544.73
020250 	    228340111.286372 	2011 	03 	27 	19 	48 	31.286372 	   11.97 	   -1.71 	  544.51
020278 	    228505536.666016 	2011 	03 	29 	17 	45 	36.666016 	   28.47 	   -1.77 	  540.95
020294 	    228596968.001673 	2011 	03 	30 	19 	 9 	28.001673 	    9.88 	   -2.07 	  540.12
020295 	    228601711.144588 	2011 	03 	30 	20 	28 	31.144587 	  -70.88 	    0.14 	  525.61
020307 	    228688764.555431 	2011 	03 	31 	20 	39 	24.555431 	   12.75 	   -2.46 	  543.03
020529 	    230041983.333192 	2011 	04 	16 	12 	33 	 3.333191 	  103.15 	    0.62 	  516.79
020640 	    230720854.183334 	2011 	04 	24 	 9 	 7 	34.183333 	  103.11 	    1.24 	  529.96
020689 	    231023690.857786 	2011 	04 	27 	21 	14 	50.857785 	  -70.73 	    2.29 	  533.62
020697 	    231069469.634858 	2011 	04 	28 	 9 	57 	49.634858 	  103.99 	    2.41 	  533.08
020774 	    231544895.566727 	2011 	05 	 3 	22 	 1 	35.566727 	    9.90 	   -1.31 	  521.60
020855 	    232036034.805937 	2011 	05 	 9 	14 	27 	14.805936 	  121.24 	   -2.42 	  530.00
020869 	    232126139.602075 	2011 	05 	10 	15 	28 	59.602075 	   25.62 	   -0.31 	  544.46
021024 	    233073913.083323 	2011 	05 	21 	14 	45 	13.083323 	   18.67 	   -2.45 	  530.77
021071 	    233356700.595674 	2011 	05 	24 	21 	18 	20.595674 	  105.35 	    2.22 	  533.31
021958 	    238781329.926644 	2011 	07 	26 	16 	 8 	49.926643 	  141.22 	   -2.34 	  542.46
022037 	    239260906.711805 	2011 	08 	 1 	 5 	21 	46.711804 	  -63.81 	   -2.29 	  536.12
022059 	    239396994.701788 	2011 	08 	 2 	19 	 9 	54.701788 	   28.25 	   -2.23 	  520.20
022070 	    239467208.002961 	2011 	08 	 3 	14 	40 	 8.002961 	 -157.97 	   -0.09 	  540.92
022371 	    241303225.000115 	2011 	08 	24 	20 	40 	25.000115 	  -60.97 	    0.29 	  542.90
022382 	    241377994.468062 	2011 	08 	25 	17 	26 	34.468062 	   21.09 	    1.83 	  539.72
022661 	    243079260.728454 	2011 	09 	14 	10 	 1 	 0.728453 	  109.18 	   -0.55 	  524.50
022704 	    243343705.448091 	2011 	09 	17 	11 	28 	25.448091 	 -160.28 	   -1.18 	  541.91
022834 	    244140133.162791 	2011 	09 	26 	16 	42 	13.162791 	  -64.99 	   -1.71 	  527.25
022834 	    244141596.351436 	2011 	09 	26 	17 	 6 	36.351435 	   21.48 	   -1.69 	  515.43
022850 	    244239440.681907 	2011 	09 	27 	20 	17 	20.681906 	   23.07 	    0.67 	  520.29
022965 	    244940842.368342 	2011 	10 	 5 	23 	 7 	22.368342 	  -74.79 	    1.25 	  521.14
023050 	    245448488.608541 	2011 	10 	11 	20 	 8 	 8.608541 	  -60.51 	    1.87 	  537.01
023083 	    245662293.095846 	2011 	10 	14 	 7 	31 	33.095845 	  -69.46 	   -1.96 	  515.19
023093 	    245720149.098210 	2011 	10 	14 	23 	35 	49.098210 	   97.83 	   -2.36 	  521.77
023101 	    245769077.732202 	2011 	10 	15 	13 	11 	17.732201 	   98.82 	    1.70 	  529.95
023102 	    245775020.553762 	2011 	10 	15 	14 	50 	20.553761 	   88.79 	    1.17 	  526.55
023119 	    245871758.809384 	2011 	10 	16 	17 	42 	38.809383 	   25.76 	    1.54 	  533.31
023136 	    245980317.013353 	2011 	10 	17 	23 	51 	57.013352 	  -61.15 	    0.94 	  533.69
023142 	    246019989.899710 	2011 	10 	18 	10 	53 	 9.899709 	  115.28 	    1.48 	  537.81
023171 	    246197221.076846 	2011 	10 	20 	12 	 7 	 1.076846 	  112.69 	    0.15 	  537.34
023174 	    246215709.110285 	2011 	10 	20 	17 	15 	 9.110285 	  121.49 	   -2.45 	  518.54
023212 	    246447857.533154 	2011 	10 	23 	 9 	44 	17.533154 	  113.57 	    0.57 	  541.92
023226 	    246533199.405205 	2011 	10 	24 	 9 	26 	39.405205 	   99.77 	    0.97 	  540.18
023229 	    246551556.095935 	2011 	10 	24 	14 	32 	36.095934 	  100.54 	   -2.04 	  537.61
023229 	    246552004.275269 	2011 	10 	24 	14 	40 	 4.275269 	  126.90 	   -2.45 	  531.57
023374 	    247437862.550726 	2011 	11 	 3 	20 	44 	22.550725 	  100.63 	    2.06 	  531.96
023442 	    247858174.413747 	2011 	11 	 8 	17 	29 	34.413747 	   17.42 	   -1.36 	  527.41
023469 	    248017161.939637 	2011 	11 	10 	13 	39 	21.939637 	   21.92 	   -2.33 	  515.09
023498 	    248194310.137583 	2011 	11 	12 	14 	51 	50.137582 	   16.48 	   -1.61 	  515.05
023570 	    248639172.181184 	2011 	11 	17 	18 	26 	12.181183 	  -58.96 	   -0.78 	  515.91
023574 	    248651141.898737 	2011 	11 	17 	21 	45 	41.898737 	  -73.77 	    0.76 	  513.61
023574 	    248651448.678909 	2011 	11 	17 	21 	50 	48.678909 	  -55.63 	    1.50 	  514.45
023575 	    248664887.729130 	2011 	11 	18 	 1 	34 	47.729129 	   16.11 	    0.58 	  538.77
023631 	    249010518.595219 	2011 	11 	22 	 1 	35 	18.595218 	 -143.67 	    1.62 	  516.17
023673 	    249268470.739386 	2011 	11 	25 	 1 	14 	30.739385 	  -67.43 	    1.66 	  513.66
023711 	    249502181.937237 	2011 	11 	27 	18 	 9 	41.937236 	   20.69 	    1.50 	  514.73
023980 	    251141152.164968 	2011 	12 	16 	17 	25 	52.164968 	  102.81 	    0.69 	  523.25
024049 	    251567490.379304 	2011 	12 	21 	15 	51 	30.379303 	   23.51 	   -1.72 	  537.74
024119 	    251982916.639365 	2011 	12 	26 	11 	15 	16.639364 	   21.56 	   -2.37 	  516.43
024119 	    251982981.314401 	2011 	12 	26 	11 	16 	21.314401 	   25.38 	   -2.32 	  517.11
024146 	    252160134.087802 	2011 	12 	28 	12 	28 	54.087801 	   23.90 	   -1.44 	  517.71
024267 	    252888519.531765 	2012 	01 	 5 	22 	48 	39.531765 	  103.96 	   -2.47 	  534.05
024310 	    253160596.256642 	2012 	01 	 9 	 2 	23 	16.256642 	  -62.90 	   -0.22 	  527.31
024374 	    253552839.487260 	2012 	01 	13 	15 	20 	39.487260 	   11.03 	    1.82 	  513.63
024456 	    254053741.850547 	2012 	01 	19 	10 	29 	 1.850546 	    8.86 	    2.36 	  535.79
024831 	    256339941.637389 	2012 	02 	14 	21 	32 	21.637389 	  102.51 	   -1.97 	  516.70
024925 	    256913749.913263 	2012 	02 	21 	12 	55 	49.913262 	   81.48 	    1.59 	  530.27
025006 	    257402939.917908 	2012 	02 	27 	 4 	48 	59.917908 	  113.28 	    2.44 	  511.65
025061 	    257747808.928124 	2012 	03 	 2 	 4 	36 	48.928124 	  -80.01 	   -2.21 	  532.01
025155 	    258305454.151165 	2012 	03 	 8 	15 	30 	54.151165 	   28.00 	   -2.45 	  511.56
025295 	    259178502.830416 	2012 	03 	18 	18 	 1 	42.830415 	    8.86 	    0.36 	  517.14
025296 	    259184642.836464 	2012 	03 	18 	19 	44 	 2.836463 	   10.84 	    1.47 	  512.93
025390 	    259748084.468378 	2012 	03 	25 	 8 	14 	44.468378 	  103.69 	    0.56 	  535.99
025452 	    260132834.027002 	2012 	03 	29 	19 	 7 	14.027002 	  103.81 	   -1.40 	  511.21
025517 	    260529796.797635 	2012 	04 	 3 	 9 	23 	16.797634 	  104.49 	    2.34 	  537.09
025518 	    260535855.425834 	2012 	04 	 3 	11 	 4 	15.425834 	  101.57 	    1.85 	  537.25
025518 	    260536398.312555 	2012 	04 	 3 	11 	13 	18.312554 	  133.44 	    0.61 	  533.63
025573 	    260871983.064021 	2012 	04 	 7 	 8 	26 	23.064020 	  116.53 	    1.58 	  534.06
025603 	    261054930.368894 	2012 	04 	 9 	11 	15 	30.368894 	  101.38 	   -0.24 	  535.73
025686 	    261562408.525553 	2012 	04 	15 	 8 	13 	28.525552 	  138.24 	   -1.81 	  526.97
025699 	    261639792.387125 	2012 	04 	16 	 5 	43 	12.387124 	   19.85 	    2.42 	  516.76
025733 	    261853556.834528 	2012 	04 	18 	17 	 5 	56.834527 	   22.35 	   -2.46 	  526.28
025738 	    261879291.050153 	2012 	04 	19 	 0 	14 	51.050152 	   99.03 	    2.43 	  520.91
025745 	    261926942.300041 	2012 	04 	19 	13 	29 	 2.300040 	   28.60 	   -1.96 	  514.79
025794 	    262220653.974346 	2012 	04 	22 	23 	 4 	13.974346 	   63.94 	    2.44 	  536.00
025819 	    262378572.027287 	2012 	04 	24 	18 	56 	12.027287 	   14.40 	   -0.63 	  521.42
025819 	    262378659.584595 	2012 	04 	24 	18 	57 	39.584594 	   19.56 	   -0.40 	  522.70
025844 	    262520838.758782 	2012 	04 	26 	10 	27 	18.758781 	  121.85 	   -0.87 	  514.63
025845 	    262531092.756374 	2012 	04 	26 	13 	18 	12.756374 	    6.12 	   -2.46 	  511.81
025857 	    262606381.836539 	2012 	04 	27 	10 	13 	 1.836539 	  125.16 	   -0.53 	  513.48
025861 	    262635274.426027 	2012 	04 	27 	18 	14 	34.426026 	   28.61 	    0.61 	  517.91
025873 	    262708308.009057 	2012 	04 	28 	14 	31 	48.009056 	   14.26 	   -1.84 	  510.83
026046 	    263760028.096910 	2012 	05 	10 	18 	40 	28.096909 	  102.60 	   -1.10 	  516.15
026144 	    264361670.782521 	2012 	05 	17 	17 	47 	50.782521 	  -64.03 	    2.46 	  536.18
026173 	    264535427.666861 	2012 	05 	19 	18 	 3 	47.666860 	  101.09 	   -2.46 	  509.94
026202 	    264711132.512933 	2012 	05 	21 	18 	52 	12.512932 	   20.97 	   -1.66 	  524.02
026215 	    264790426.741309 	2012 	05 	22 	16 	53 	46.741308 	   16.50 	   -0.68 	  532.43
026226 	    264863788.626369 	2012 	05 	23 	13 	16 	28.626368 	   22.40 	    1.05 	  536.50
026230 	    264888131.620907 	2012 	05 	23 	20 	 2 	11.620907 	   17.47 	   -2.37 	  523.82
026283 	    265211742.225846 	2012 	05 	27 	13 	55 	42.225845 	   19.50 	    0.41 	  537.39
026427 	    266084814.536569 	2012 	06 	 6 	16 	26 	54.536568 	   20.69 	   -1.52 	  530.72
026655 	    267481289.390217 	2012 	06 	22 	20 	21 	29.390217 	  -70.63 	    2.29 	  509.74
026656 	    267487476.180371 	2012 	06 	22 	22 	 4 	36.180370 	  -65.65 	    2.43 	  509.90
026998 	    269546221.253742 	2012 	07 	16 	17 	57 	 1.253741 	   24.32 	   -1.16 	  527.47
027193 	    270765628.201755 	2012 	07 	30 	20 	40 	28.201754 	  -59.02 	    1.90 	  526.99
027194 	    270773121.699569 	2012 	07 	30 	22 	45 	21.699568 	   22.60 	    0.68 	  531.73
027266 	    271210920.175081 	2012 	08 	 5 	 0 	22 	 0.175081 	  -76.45 	    1.81 	  527.61
027333 	    271621566.250500 	2012 	08 	 9 	18 	26 	 6.250500 	   23.28 	   -0.18 	  523.31
027690 	    273789623.298914 	2012 	09 	 3 	20 	40 	23.298914 	  101.32 	    1.19 	  511.43
027926 	    275240744.617232 	2012 	09 	20 	15 	45 	44.617232 	   20.76 	    1.55 	  530.84
027946 	    275362848.328197 	2012 	09 	22 	 1 	40 	48.328197 	   23.36 	   -2.03 	  519.37
027952 	    275388524.724475 	2012 	09 	22 	 8 	48 	44.724475 	   98.46 	    1.91 	  522.95
028040 	    275936468.437064 	2012 	09 	28 	17 	 1 	 8.437063 	   22.74 	   -2.02 	  524.48
028095 	    276264299.917156 	2012 	10 	 2 	12 	 4 	59.917155 	  -77.45 	    2.47 	  521.83
028166 	    276705445.543905 	2012 	10 	 7 	14 	37 	25.543905 	   28.73 	   -2.44 	  508.31
028203 	    276925053.111132 	2012 	10 	10 	 3 	37 	33.111132 	   24.91 	    1.87 	  533.58
028209 	    276961682.662956 	2012 	10 	10 	13 	48 	 2.662955 	   25.93 	   -2.35 	  508.53
028209 	    276961729.378621 	2012 	10 	10 	13 	48 	49.378620 	   28.70 	   -2.30 	  508.33
028211 	    276973890.128309 	2012 	10 	10 	17 	11 	30.128309 	   26.33 	   -0.83 	  509.68
028237 	    277127946.931927 	2012 	10 	12 	11 	59 	 6.931927 	  115.37 	    0.28 	  509.16
028267 	    277309484.849925 	2012 	10 	14 	14 	24 	44.849924 	   25.69 	   -1.18 	  510.41
028282 	    277400836.182133 	2012 	10 	15 	15 	47 	16.182133 	   15.37 	   -0.39 	  510.03
028314 	    277600840.269785 	2012 	10 	17 	23 	20 	40.269784 	  -64.32 	    1.72 	  507.97
028320 	    277640302.803221 	2012 	10 	18 	10 	18 	22.803220 	  103.90 	    0.88 	  511.34
028500 	    278717316.259971 	2012 	10 	30 	21 	28 	36.259971 	  -68.14 	    2.06 	  528.89
028503 	    278745060.178946 	2012 	10 	31 	 5 	11 	 0.178946 	  129.05 	    2.42 	  532.78
028522 	    278877315.613069 	2012 	11 	 1 	17 	55 	15.613068 	   12.80 	    0.56 	  526.26
028538 	    278952030.894803 	2012 	11 	 2 	14 	40 	30.894802 	  101.45 	   -1.39 	  518.29
028540 	    278981202.851846 	2012 	11 	 2 	22 	46 	42.851845 	   22.89 	   -2.43 	  510.52
028680 	    279836659.872266 	2012 	11 	12 	20 	24 	19.872265 	  101.78 	    1.18 	  514.06
028700 	    279963236.776176 	2012 	11 	14 	 7 	33 	56.776175 	   11.31 	    2.20 	  506.91
028776 	    280420947.904514 	2012 	11 	19 	14 	42 	27.904514 	   21.70 	   -2.42 	  518.63
028788 	    280494235.590575 	2012 	11 	20 	11 	 3 	55.590574 	   26.48 	   -2.11 	  508.43
028788 	    280494239.448158 	2012 	11 	20 	11 	 3 	59.448158 	   26.71 	   -2.11 	  508.46
028831 	    280745931.789566 	2012 	11 	23 	 8 	58 	51.789565 	  120.21 	   -1.38 	  515.44
028846 	    280853915.525920 	2012 	11 	24 	14 	58 	35.525919 	   12.81 	   -1.61 	  510.86
028862 	    280939407.700464 	2012 	11 	25 	14 	43 	27.700464 	   18.15 	   -1.25 	  510.04
028879 	    281038573.301675 	2012 	11 	26 	18 	16 	13.301675 	  110.33 	    2.03 	  531.96
028901 	    281185062.174293 	2012 	11 	28 	10 	57 	42.174292 	  115.69 	    1.41 	  513.56
028967 	    281592257.629896 	2012 	12 	 3 	 4 	 4 	17.629895 	   26.86 	   -2.20 	  531.25
029028 	    281933589.291335 	2012 	12 	 7 	 2 	53 	 9.291334 	   11.71 	   -2.22 	  529.40
029046 	    282074090.248971 	2012 	12 	 8 	17 	54 	50.248970 	   23.78 	    1.72 	  506.66
029051 	    282092395.998783 	2012 	12 	 8 	22 	59 	55.998782 	   24.28 	   -1.39 	  517.97
029052 	    282104626.411171 	2012 	12 	 9 	 2 	23 	46.411171 	   26.06 	   -2.46 	  528.44
029117 	    282507239.956640 	2012 	12 	13 	18 	13 	59.956640 	   27.66 	   -0.32 	  506.89
029128 	    282563382.564276 	2012 	12 	14 	 9 	49 	42.564275 	  101.05 	    1.57 	  515.10
029133 	    282592579.356521 	2012 	12 	14 	17 	56 	19.356521 	   24.30 	   -0.35 	  508.11
029188 	    282934090.462157 	2012 	12 	18 	16 	48 	10.462157 	   20.25 	   -0.89 	  516.31
029188 	    282940149.455620 	2012 	12 	18 	18 	29 	 9.455619 	   17.88 	   -1.73 	  511.74
029197 	    282987324.029103 	2012 	12 	19 	 7 	35 	24.029102 	  -77.46 	   -1.22 	  509.34
030106 	    288528370.678247 	2013 	02 	21 	10 	46 	10.678246 	  122.84 	    1.88 	  526.28
030142 	    288752093.629105 	2013 	02 	24 	 0 	54 	53.629104 	   10.67 	    0.35 	  509.83
030174 	    288935283.393364 	2013 	02 	26 	 3 	48 	 3.393364 	   25.72 	   -2.30 	  505.20
030174 	    288935310.162985 	2013 	02 	26 	 3 	48 	30.162985 	   27.31 	   -2.32 	  505.16
030247 	    289380157.091973 	2013 	03 	 3 	 7 	22 	37.091973 	   10.00 	   -1.21 	  505.15
030295 	    289683697.263983 	2013 	03 	 6 	19 	41 	37.263983 	  -69.20 	    2.36 	  515.44
030408 	    290378745.485122 	2013 	03 	14 	20 	45 	45.485122 	  -73.41 	   -0.32 	  507.52
030410 	    290390919.884158 	2013 	03 	15 	 0 	 8 	39.884158 	  -74.55 	   -2.10 	  516.80
030423 	    290471780.902276 	2013 	03 	15 	22 	36 	20.902275 	   19.58 	   -1.83 	  531.85
030439 	    290567845.508331 	2013 	03 	17 	 1 	17 	25.508331 	  -68.46 	   -2.43 	  518.88
030526 	    291087225.157529 	2013 	03 	23 	 1 	33 	45.157528 	   -2.45 	    1.62 	  525.13
030526 	    291093334.211734 	2013 	03 	23 	 3 	15 	34.211733 	   -1.81 	    2.28 	  528.68
030545 	    291198853.048663 	2013 	03 	24 	 8 	34 	13.048663 	  108.36 	   -2.46 	  505.52
030562 	    291313313.804011 	2013 	03 	25 	16 	21 	53.804010 	   26.83 	   -1.75 	  504.80
030564 	    291325483.580863 	2013 	03 	25 	19 	44 	43.580862 	   25.52 	    0.23 	  509.32
030584 	    291415252.197153 	2013 	03 	26 	20 	40 	52.197152 	  -74.34 	   -2.34 	  507.72
030620 	    291672738.746714 	2013 	03 	29 	20 	12 	18.746713 	    9.31 	    1.26 	  505.13
030756 	    292497342.105443 	2013 	04 	 8 	 9 	15 	42.105443 	  100.04 	    1.56 	  523.53
030763 	    292537143.535456 	2013 	04 	 8 	20 	19 	 3.535456 	  -69.67 	    1.57 	  524.81
030798 	    292709509.454517 	2013 	04 	10 	20 	11 	49.454517 	   28.61 	    1.12 	  508.25
030825 	    292909138.113335 	2013 	04 	13 	 3 	38 	58.113335 	  -63.13 	   -0.55 	  507.21
030917 	    293471473.247820 	2013 	04 	19 	15 	51 	13.247820 	   24.31 	    0.87 	  529.37
030917 	    293471508.245281 	2013 	04 	19 	15 	51 	48.245280 	   26.36 	    0.78 	  529.32
030981 	    293856443.220395 	2013 	04 	24 	 2 	47 	23.220395 	   78.24 	    2.04 	  504.27
031045 	    294251543.190389 	2013 	04 	28 	16 	32 	23.190388 	   10.94 	   -2.00 	  523.50
031072 	    294416411.663570 	2013 	04 	30 	14 	20 	11.663569 	   27.42 	   -1.89 	  517.42
031096 	    294570622.079393 	2013 	05 	 2 	 9 	10 	22.079393 	  134.60 	   -2.44 	  520.63
031122 	    294696589.607328 	2013 	05 	 3 	20 	 9 	49.607327 	   13.88 	   -1.01 	  526.98
031139 	    294832432.312617 	2013 	05 	 5 	 9 	53 	52.312617 	  116.59 	   -2.18 	  514.85
031228 	    295367364.369658 	2013 	05 	11 	14 	29 	24.369657 	   29.49 	   -1.12 	  504.96
031313 	    295885323.195826 	2013 	05 	17 	14 	22 	 3.195825 	   21.03 	    0.61 	  504.77
031369 	    296238931.435625 	2013 	05 	21 	16 	35 	31.435625 	   26.72 	    2.49 	  503.69
031548 	    297268666.184781 	2013 	06 	 2 	14 	37 	46.184781 	   10.37 	    1.40 	  524.82
031638 	    297867742.304646 	2013 	06 	 9 	13 	 2 	22.304646 	  117.75 	   -2.34 	  517.12
031725 	    298402364.132114 	2013 	06 	15 	17 	32 	44.132113 	   18.82 	   -1.88 	  527.77
031760 	    298603591.066014 	2013 	06 	18 	 1 	26 	31.066013 	   25.56 	    2.45 	  509.57
032016 	    300133161.093400 	2013 	07 	 5 	18 	19 	21.093400 	   24.86 	    1.57 	  511.48
032514 	    303190294.657671 	2013 	08 	10 	 3 	31 	34.657670 	  -76.24 	    2.08 	  521.18
032538 	    303348864.181304 	2013 	08 	11 	23 	34 	24.181303 	  -66.98 	    2.46 	  526.47
032616 	    303825671.637628 	2013 	08 	17 	12 	 1 	11.637628 	   25.73 	    2.02 	  507.51
032832 	    305118768.763507 	2013 	09 	 1 	11 	12 	48.763507 	  113.54 	   -2.43 	  503.25
032832 	    305131616.693395 	2013 	09 	 1 	14 	46 	56.693395 	  152.82 	   -0.27 	  520.26
033001 	    306160730.468115 	2013 	09 	13 	12 	38 	50.468114 	  125.76 	    1.49 	  501.53
033173 	    307223622.979470 	2013 	09 	25 	19 	53 	42.979470 	  -62.09 	    2.22 	  525.62
033217 	    307485565.834436 	2013 	09 	28 	20 	39 	25.834435 	  -61.88 	    2.41 	  525.56
033344 	    308248252.426455 	2013 	10 	 7 	16 	30 	52.426455 	   12.29 	   -0.42 	  521.35
033412 	    308674941.153505 	2013 	10 	12 	15 	 2 	21.153505 	   30.16 	   -1.84 	  514.00
033440 	    308829007.877465 	2013 	10 	14 	 9 	50 	 7.877465 	  135.92 	   -2.47 	  516.66
033543 	    309477308.709325 	2013 	10 	21 	21 	55 	 8.709325 	  -66.39 	   -1.75 	  503.24
033570 	    309614443.834949 	2013 	10 	23 	12 	 0 	43.834949 	  119.27 	    0.24 	  507.42
033632 	    309985701.434260 	2013 	10 	27 	19 	 8 	21.434260 	  103.73 	    1.78 	  519.75
033681 	    310293462.973977 	2013 	10 	31 	 8 	37 	42.973977 	  -64.43 	   -0.80 	  521.27
033937 	    311882866.371785 	2013 	11 	18 	18 	 7 	46.371784 	  -64.68 	    1.59 	  522.82
033949 	    311932817.493167 	2013 	11 	19 	 8 	 0 	17.493166 	    8.61 	    2.26 	  508.80
033952 	    311963460.136263 	2013 	11 	19 	16 	31 	 0.136263 	   19.97 	   -1.16 	  521.98
033994 	    312219292.138913 	2013 	11 	22 	15 	34 	52.138912 	   25.70 	   -1.76 	  523.72
034095 	    312823364.720050 	2013 	11 	29 	15 	22 	44.720049 	  101.79 	   -0.05 	  521.47
034123 	    312992403.652636 	2013 	12 	 1 	14 	20 	 3.652635 	   16.90 	   -2.46 	  513.01
034123 	    312992426.304999 	2013 	12 	 1 	14 	20 	26.304998 	   18.24 	   -2.45 	  513.29
034236 	    313686569.194826 	2013 	12 	 9 	15 	 9 	29.194826 	   22.59 	    0.10 	  505.67
034432 	    314861382.106113 	2013 	12 	23 	 5 	29 	42.106113 	   16.60 	   -1.28 	  522.26
035807 	    323253468.053329 	2014 	03 	30 	 8 	37 	48.053328 	  100.06 	   -1.51 	  495.45
035852 	    323537840.116434 	2014 	04 	 2 	15 	37 	20.116433 	   15.36 	   -2.46 	  495.47
035854 	    323544077.674144 	2014 	04 	 2 	17 	21 	17.674144 	   24.75 	   -2.08 	  500.04
035885 	    323737155.258964 	2014 	04 	 4 	22 	59 	15.258964 	  -64.33 	   -1.67 	  496.73
035898 	    323793405.254834 	2014 	04 	 5 	14 	36 	45.254833 	   25.82 	   -2.35 	  494.36
036022 	    324567016.629743 	2014 	04 	14 	13 	30 	16.629742 	  110.35 	    2.35 	  493.69
036030 	    324620157.877792 	2014 	04 	15 	 4 	15 	57.877792 	   17.08 	   -1.09 	  512.75
036065 	    324828278.268052 	2014 	04 	17 	14 	 4 	38.268051 	  100.40 	    2.44 	  493.81
036073 	    324873936.050779 	2014 	04 	18 	 2 	45 	36.050778 	  -75.94 	    2.22 	  493.51
036154 	    325374192.209775 	2014 	04 	23 	21 	43 	12.209774 	   27.63 	   -0.60 	  493.73
036171 	    325469876.790537 	2014 	04 	25 	 0 	17 	56.790536 	  -66.07 	    1.28 	  501.93
036278 	    326122134.840833 	2014 	05 	 2 	13 	28 	54.840833 	   42.02 	    0.86 	  515.86
036278 	    326127874.936335 	2014 	05 	 2 	15 	 4 	34.936335 	   21.95 	    0.67 	  515.94
036294 	    326196071.639486 	2014 	05 	 3 	10 	 1 	11.639486 	  100.80 	    0.26 	  515.55
036316 	    326352741.748673 	2014 	05 	 5 	 5 	32 	21.748673 	   19.50 	    1.63 	  493.59
036340 	    326493851.485818 	2014 	05 	 6 	20 	44 	11.485818 	   96.54 	    0.01 	  496.13
036367 	    326662895.706660 	2014 	05 	 8 	19 	41 	35.706659 	   28.37 	   -2.26 	  513.36
036399 	    326857103.604701 	2014 	05 	11 	 1 	38 	23.604700 	   10.59 	    1.02 	  503.55
036479 	    327343493.224335 	2014 	05 	16 	16 	44 	53.224335 	   19.39 	   -1.93 	  508.03
036613 	    328153154.734383 	2014 	05 	26 	 1 	39 	14.734382 	   97.37 	   -2.16 	  505.15
036648 	    328365944.929826 	2014 	05 	28 	12 	45 	44.929826 	  102.30 	    2.37 	  496.87
036721 	    328802215.740563 	2014 	06 	 2 	13 	56 	55.740562 	   24.87 	    2.09 	  494.66
036824 	    329435098.147445 	2014 	06 	 9 	21 	44 	58.147445 	   75.47 	   -2.33 	  501.20
036830 	    329472305.254885 	2014 	06 	10 	 8 	 5 	 5.254885 	  119.21 	    1.85 	  501.69
036834 	    329507090.330853 	2014 	06 	10 	17 	44 	50.330852 	   19.87 	   -0.03 	  494.80
037151 	    331416621.774390 	2014 	07 	 2 	20 	10 	21.774389 	  104.08 	    1.82 	  498.22
037191 	    331658421.395207 	2014 	07 	 5 	15 	20 	21.395206 	   29.79 	    0.43 	  509.69
037278 	    332197666.928793 	2014 	07 	11 	21 	 7 	46.928793 	  -61.44 	    2.13 	  500.77
037382 	    332826311.386902 	2014 	07 	19 	 3 	45 	11.386901 	  105.36 	    1.19 	  496.68
037516 	    333639085.179113 	2014 	07 	28 	13 	31 	25.179112 	   23.36 	    0.23 	  496.71
037792 	    335320410.698106 	2014 	08 	17 	 0 	33 	30.698105 	  -68.56 	    2.06 	  506.56
037792 	    335320465.270085 	2014 	08 	17 	 0 	34 	25.270084 	  -65.33 	    2.14 	  505.96
037814 	    335455706.920943 	2014 	08 	18 	14 	 8 	26.920943 	   29.08 	    0.51 	  513.07
037859 	    335722875.122408 	2014 	08 	21 	16 	21 	15.122407 	   21.19 	    2.22 	  513.06
037869 	    335785035.421291 	2014 	08 	22 	 9 	37 	15.421290 	  104.84 	    1.96 	  511.90
038107 	    337234055.004334 	2014 	09 	 8 	 4 	 7 	35.004333 	  -61.82 	   -1.92 	  511.23
038117 	    337294717.596290 	2014 	09 	 8 	20 	58 	37.596289 	  -66.53 	   -0.97 	  492.62
038257 	    338150951.233858 	2014 	09 	18 	18 	49 	11.233857 	  -77.78 	   -2.24 	  496.80
038269 	    338225562.332663 	2014 	09 	19 	15 	32 	42.332662 	   24.80 	   -1.99 	  490.67
038560 	    339992656.739866 	2014 	10 	10 	 2 	24 	16.739866 	   17.90 	   -2.43 	  488.75
038683 	    340739605.615892 	2014 	10 	18 	17 	53 	25.615891 	   24.25 	   -1.97 	  510.50
038723 	    340971770.949799 	2014 	10 	21 	10 	22 	50.949799 	  110.20 	   -1.88 	  506.50
038732 	    341036891.524953 	2014 	10 	22 	 4 	28 	11.524953 	   11.21 	    1.85 	  493.68
038869 	    341867167.802101 	2014 	10 	31 	19 	 6 	 7.802101 	  -73.78 	   -2.46 	  487.70
038871 	    341879297.883731 	2014 	10 	31 	22 	28 	17.883731 	  -74.27 	   -1.66 	  492.98
038871 	    341879330.866510 	2014 	10 	31 	22 	28 	50.866509 	  -72.31 	   -1.59 	  493.32
038940 	    342292299.327903 	2014 	11 	 5 	17 	11 	39.327902 	  -61.30 	   -2.27 	  489.63
038967 	    342452992.916465 	2014 	11 	 7 	13 	49 	52.916464 	  109.35 	    2.31 	  494.24
038983 	    342549976.878745 	2014 	11 	 8 	16 	46 	16.878745 	  101.44 	    2.23 	  499.50
039016 	    342742933.628075 	2014 	11 	10 	22 	22 	13.628075 	   25.82 	    1.49 	  498.40
039171 	    343701861.563292 	2014 	11 	22 	 0 	44 	21.563292 	   25.75 	   -2.46 	  490.73
039181 	    343762379.045582 	2014 	11 	22 	17 	32 	59.045581 	   15.43 	    0.73 	  493.92
039355 	    344781898.791753 	2014 	12 	 4 	12 	44 	58.791752 	   20.19 	   -0.76 	  505.31
039479 	    345564459.325935 	2014 	12 	13 	14 	 7 	39.325935 	   13.31 	   -2.31 	  497.40
039897 	    348098827.841559 	2015 	01 	11 	22 	 7 	 7.841558 	  -49.97 	   -2.17 	  486.76
039960 	    348480416.023234 	2015 	01 	16 	 8 	 6 	56.023234 	  -77.55 	    1.67 	  487.09
040281 	    350434642.252082 	2015 	02 	 7 	22 	57 	22.252081 	   25.25 	   -1.05 	  501.77
040358 	    350895266.785516 	2015 	02 	13 	 6 	54 	26.785516 	   17.39 	    0.10 	  487.87
Total number of AGILE TGFs = 481
Total number of AGILE TGFs with good timing data = 200
Total number of Fermi GBM TGFs with timing data = 52
Total number of RHESSI new TGFs with timing data = 2358
