2015 	03 	23 	10 	42 	54.410073 	-1.870 	0.520 	489413.094 	040902 	354192174.410074
2015 	03 	23 	16 	50 	08.140446 	-132.930 	-1.040 	482488.719 	040906 	354214208.140446
2015 	03 	23 	20 	29 	15.550377 	-71.920 	2.460 	500178.125 	040908 	354227355.550377
2015 	03 	23 	23 	03 	57.071008 	119.480 	-1.480 	481193.812 	040910 	354236637.071008
2015 	03 	24 	05 	15 	28.267858 	3.680 	-2.120 	480589.375 	040912 	354258928.267858
2015 	03 	24 	10 	18 	52.262591 	5.270 	0.920 	488420.125 	040916 	354277132.262591
2015 	03 	24 	10 	50 	33.734131 	118.060 	1.500 	500724.156 	040916 	354279033.734132
2015 	03 	24 	13 	41 	42.175046 	8.240 	2.400 	497438.062 	040918 	354289302.175047
2015 	03 	24 	17 	40 	03.672215 	137.610 	-2.460 	483172.625 	040920 	354303603.672216
2015 	03 	25 	03 	10 	23.430555 	10.610 	-2.370 	482286.656 	040928 	354337823.430556
2015 	03 	25 	13 	41 	19.496751 	99.570 	0.150 	499587.562 	040933 	354375679.496751
2015 	03 	25 	14 	57 	15.558423 	10.460 	2.360 	499205.094 	040933 	354380235.558424
2015 	03 	26 	09 	56 	51.842878 	112.580 	1.560 	500570.125 	040945 	354448611.842879
2015 	03 	26 	13 	17 	39.854103 	108.180 	-0.340 	499756.062 	040947 	354460659.854104
2015 	03 	26 	22 	31 	48.863838 	-76.310 	1.410 	500434.500 	040953 	354493908.863838
2015 	03 	27 	00 	41 	59.331116 	27.470 	-2.410 	486520.062 	040955 	354501719.331116
2015 	03 	27 	02 	22 	04.646094 	24.290 	-2.020 	483437.844 	040955 	354507724.646095
2015 	03 	27 	04 	17 	59.686056 	77.660 	1.150 	482716.438 	040957 	354514679.686056
2015 	03 	27 	17 	52 	17.942672 	100.080 	-2.420 	492211.375 	040965 	354563537.942672
2015 	03 	27 	17 	55 	12.492303 	110.460 	-2.470 	490154.594 	040965 	354563712.492303
2015 	03 	28 	10 	43 	18.070613 	104.210 	0.770 	499819.500 	040974 	354624198.070613
2015 	03 	28 	17 	29 	49.659255 	113.080 	-2.460 	491942.281 	040978 	354648589.659256
2015 	03 	28 	18 	18 	49.934410 	-71.870 	2.410 	490368.688 	040978 	354651529.934411
2015 	03 	28 	22 	28 	31.796416 	97.940 	-1.000 	482677.688 	040982 	354666511.796417
2015 	03 	29 	11 	57 	05.526609 	100.360 	-0.240 	500347.719 	040988 	354715025.526609
2015 	03 	29 	12 	01 	23.742170 	115.640 	-0.920 	500799.094 	040988 	354715283.742171
2015 	03 	29 	23 	21 	23.943333 	19.530 	-2.430 	494677.188 	040995 	354756083.943334
2015 	03 	30 	13 	11 	05.266633 	97.320 	-1.240 	500599.906 	041003 	354805865.266634
2015 	03 	30 	14 	53 	15.748277 	101.470 	-2.140 	500183.750 	041005 	354811995.748277
2015 	03 	30 	16 	38 	06.015662 	115.130 	-2.420 	495862.625 	041005 	354818286.015662
2015 	03 	31 	07 	12 	18.135092 	-8.480 	0.890 	481976.062 	041014 	354870738.135092
2015 	03 	31 	12 	55 	55.090303 	136.480 	-2.370 	499957.875 	041018 	354891355.090303
2015 	03 	31 	14 	39 	07.526885 	144.340 	-2.340 	496561.625 	041020 	354897547.526886
2015 	03 	31 	20 	21 	05.365356 	-76.290 	1.030 	491257.188 	041022 	354918065.365357
2015 	04 	01 	11 	57 	52.318301 	23.180 	1.760 	486113.125 	041032 	354974272.318302
2015 	04 	01 	14 	04 	19.148769 	113.730 	-2.410 	500474.969 	041032 	354981859.148770
2015 	04 	02 	05 	14 	46.427986 	119.590 	1.700 	484372.781 	041043 	355036486.427986
2015 	04 	02 	10 	22 	50.110638 	137.700 	-1.980 	498794.562 	041045 	355054970.110639
2015 	04 	02 	14 	52 	58.036844 	20.800 	-0.250 	492000.938 	041047 	355071178.036844
2015 	04 	02 	14 	58 	58.366778 	42.170 	-1.180 	495757.250 	041047 	355071538.366778
2015 	04 	03 	01 	01 	20.149505 	29.260 	-0.430 	493174.312 	041054 	355107680.149506
2015 	04 	04 	07 	38 	00.074553 	97.230 	0.500 	484178.281 	041072 	355217880.074553
2015 	04 	04 	11 	12 	52.324603 	143.170 	-2.470 	499008.406 	041074 	355230772.324604
2015 	04 	04 	11 	38 	45.370501 	-124.790 	0.340 	493211.562 	041074 	355232325.370502
2015 	04 	05 	10 	34 	23.366038 	99.690 	-1.730 	490638.062 	041089 	355314863.366039
2015 	04 	05 	10 	39 	37.748350 	118.360 	-2.230 	494007.781 	041089 	355315177.748350
2015 	04 	05 	22 	01 	00.088320 	27.370 	-1.300 	500506.000 	041095 	355356060.088320
2015 	04 	05 	23 	45 	50.977090 	41.020 	0.370 	497165.500 	041095 	355362350.977090
2015 	04 	05 	23 	52 	28.658394 	64.600 	1.380 	493123.844 	041095 	355362748.658395
2015 	04 	06 	14 	49 	59.756416 	24.660 	-1.700 	487563.688 	041105 	355416599.756417
2015 	04 	06 	14 	49 	59.757193 	24.660 	-1.700 	487563.688 	041105 	355416599.757194
2015 	04 	06 	23 	16 	38.224407 	30.690 	-0.020 	499690.062 	041109 	355446998.224407
2015 	04 	07 	02 	33 	58.342020 	14.110 	1.360 	496062.000 	041111 	355458838.342021
2015 	04 	07 	05 	54 	40.511018 	9.640 	2.430 	488420.906 	041114 	355470880.511019
2015 	04 	07 	08 	02 	32.338415 	105.760 	-1.200 	483212.156 	041116 	355478552.338416
2015 	04 	07 	08 	03 	44.986701 	110.090 	-1.370 	483827.000 	041116 	355478624.986701
2015 	04 	07 	08 	13 	16.172901 	144.070 	-2.320 	489655.500 	041116 	355479196.172902
2015 	04 	07 	14 	44 	08.462607 	97.560 	-2.050 	497657.031 	041119 	355502648.462607
2015 	04 	08 	00 	47 	42.747959 	89.080 	2.470 	488526.656 	041126 	355538862.747959
2015 	04 	08 	09 	18 	03.054305 	108.810 	-2.140 	485345.094 	041130 	355569483.054306
2015 	04 	08 	13 	56 	21.691236 	21.010 	-1.700 	482945.031 	041134 	355586181.691236
2015 	04 	08 	13 	56 	29.272548 	21.460 	-1.720 	482999.344 	041134 	355586189.272549
2015 	04 	08 	21 	00 	21.274828 	92.390 	1.700 	497894.719 	041138 	355611621.274829
2015 	04 	09 	04 	58 	18.212535 	-3.660 	2.320 	495309.781 	041142 	355640298.212535
2015 	04 	09 	05 	06 	59.720004 	27.330 	2.400 	489609.938 	041142 	355640819.720004
2015 	04 	09 	10 	33 	59.153488 	113.440 	-2.460 	488044.188 	041146 	355660439.153489
2015 	04 	09 	22 	21 	46.047443 	116.500 	2.440 	492163.938 	041153 	355702906.047444
2015 	04 	10 	01 	36 	54.302048 	92.230 	2.070 	488170.312 	041155 	355714614.302048
2015 	04 	10 	06 	47 	50.254365 	120.970 	-1.930 	480578.719 	041157 	355733270.254365
2015 	04 	10 	17 	07 	29.762744 	170.030 	2.420 	496524.688 	041163 	355770449.762744
2015 	04 	10 	18 	06 	18.818306 	20.060 	-2.040 	490341.875 	041163 	355773978.818307
2015 	04 	10 	18 	50 	13.474591 	176.270 	2.290 	491635.656 	041165 	355776613.474591
2015 	04 	11 	05 	25 	26.593873 	-78.800 	0.810 	499314.531 	041173 	355814726.593873
2015 	04 	11 	09 	49 	02.017960 	141.110 	-1.980 	488354.531 	041173 	355830542.017960
2015 	04 	11 	11 	24 	47.109773 	122.500 	-1.820 	489360.312 	041176 	355836287.109774
2015 	04 	11 	14 	58 	51.034685 	165.480 	1.900 	499645.375 	041179 	355849131.034685
2015 	04 	11 	18 	07 	40.609292 	118.700 	1.940 	499873.250 	041179 	355860460.609293
2015 	04 	11 	19 	43 	45.521297 	101.250 	2.110 	499811.562 	041182 	355866225.521298
2015 	04 	12 	12 	11 	44.408523 	23.740 	-2.010 	479996.625 	041190 	355925504.408524
2015 	04 	12 	12 	12 	35.158474 	26.770 	-2.080 	479948.031 	041190 	355925555.158475
2015 	04 	12 	13 	50 	51.343620 	17.190 	-2.360 	480166.969 	041190 	355931451.343620
2015 	04 	13 	12 	06 	36.423214 	99.780 	-1.650 	484975.125 	041202 	356011596.423215
2015 	04 	13 	12 	06 	53.148199 	100.780 	-1.620 	485144.875 	041202 	356011613.148199
2015 	04 	13 	17 	09 	11.180975 	98.510 	1.390 	496890.812 	041206 	356029751.180976
2015 	04 	13 	17 	09 	54.967306 	101.110 	1.480 	497222.344 	041206 	356029794.967307
2015 	04 	13 	18 	49 	41.372018 	96.790 	2.100 	499110.500 	041206 	356035781.372019
2015 	04 	13 	20 	32 	13.679826 	102.310 	2.470 	499696.969 	041208 	356041933.679826
2015 	04 	14 	14 	38 	38.805566 	15.910 	-2.410 	480017.438 	041218 	356107118.805566
2015 	04 	14 	20 	08 	35.579747 	112.260 	2.410 	499654.469 	041222 	356126915.579748
2015 	04 	14 	21 	46 	18.959419 	100.660 	2.220 	499224.156 	041222 	356132778.959419
2015 	04 	15 	04 	04 	08.954752 	7.820 	2.140 	499573.625 	041226 	356155448.954752
2015 	04 	15 	04 	04 	48.280710 	10.150 	2.080 	499424.875 	041226 	356155488.280711
2015 	04 	15 	07 	02 	20.578185 	-76.750 	2.430 	498972.531 	041228 	356166140.578185
2015 	04 	15 	07 	27 	20.513455 	12.160 	0.160 	493038.156 	041228 	356167640.513456
2015 	04 	15 	19 	38 	49.517965 	100.460 	2.460 	499082.281 	041236 	356211529.517966
2015 	04 	16 	11 	36 	43.945813 	-84.230 	1.140 	498192.375 	041245 	356269003.945813
2015 	04 	16 	13 	44 	12.514935 	10.290 	-2.430 	480632.969 	041247 	356276652.514935
2015 	04 	17 	15 	02 	39.821426 	24.530 	-1.500 	479801.344 	041262 	356367759.821427
2015 	04 	17 	15 	24 	31.545704 	102.580 	1.780 	488835.219 	041262 	356369071.545704
2015 	04 	17 	15 	31 	07.131990 	126.090 	2.340 	493024.406 	041262 	356369467.131990
2015 	04 	18 	21 	41 	49.031419 	102.260 	1.190 	499309.844 	041280 	356478109.031420
2015 	04 	19 	00 	14 	10.583633 	-74.430 	0.580 	481023.812 	041280 	356487250.583633
2015 	04 	19 	06 	45 	10.502233 	-120.200 	2.280 	487858.812 	041284 	356510710.502233
2015 	04 	19 	14 	10 	04.575886 	25.980 	-1.300 	480432.719 	041290 	356537404.575886
2015 	04 	19 	15 	46 	41.986492 	10.530 	-0.950 	480000.250 	041292 	356543201.986493
2015 	04 	19 	15 	47 	02.499732 	11.760 	-0.900 	479952.344 	041292 	356543222.499733
2015 	04 	19 	15 	49 	04.335141 	19.010 	-0.580 	479785.219 	041292 	356543344.335141
2015 	04 	19 	15 	49 	46.710300 	21.530 	-0.460 	479754.875 	041292 	356543386.710300
2015 	04 	20 	10 	20 	44.436797 	22.740 	-2.460 	489292.219 	041302 	356610044.436797
2015 	04 	20 	12 	27 	42.095279 	115.670 	1.590 	481182.906 	041304 	356617662.095280
2015 	04 	20 	13 	42 	25.020986 	21.940 	-1.390 	482015.500 	041304 	356622145.020987
2015 	04 	20 	13 	43 	14.720395 	24.900 	-1.280 	481655.406 	041304 	356622194.720396
2015 	04 	20 	17 	06 	22.194818 	29.290 	1.050 	480180.375 	041306 	356634382.194818
2015 	04 	20 	17 	26 	00.934737 	99.490 	2.420 	489763.500 	041306 	356635560.934737
2015 	04 	20 	20 	25 	31.259590 	19.510 	2.260 	484158.250 	041308 	356646331.259590
2015 	04 	21 	00 	10 	17.039138 	100.770 	-1.050 	498962.781 	041311 	356659817.039139
2015 	04 	21 	10 	22 	06.239580 	122.440 	0.990 	479254.344 	041317 	356696526.239581
2015 	04 	21 	13 	14 	57.879369 	18.720 	-1.440 	484043.844 	041317 	356706897.879370
2015 	04 	21 	18 	47 	51.689796 	126.010 	0.980 	495826.375 	041321 	356726871.689797
2015 	04 	21 	22 	05 	02.635689 	109.020 	-0.430 	498710.750 	041323 	356738702.635690
2015 	04 	22 	03 	56 	15.045620 	-78.510 	2.460 	484572.438 	041325 	356759775.045621
2015 	04 	22 	06 	28 	20.535795 	103.530 	-1.790 	487098.031 	041327 	356768900.535796
2015 	04 	22 	14 	27 	55.306078 	13.660 	-0.630 	482482.500 	041331 	356797675.306078
2015 	04 	22 	14 	58 	00.476284 	121.220 	2.410 	484750.469 	041333 	356799480.476284
2015 	04 	22 	14 	58 	53.578547 	124.380 	2.380 	485266.875 	041333 	356799533.578547
2015 	04 	22 	22 	57 	07.309714 	29.710 	1.810 	489551.000 	041337 	356828227.309715
2015 	04 	23 	05 	35 	29.641867 	10.080 	-1.420 	499170.438 	041341 	356852129.641868
2015 	04 	23 	12 	23 	06.831431 	23.470 	-1.120 	487372.688 	041345 	356876586.831432
2015 	04 	23 	19 	01 	02.947322 	2.590 	2.000 	479513.062 	041350 	356900462.947322
2015 	04 	24 	00 	05 	49.116899 	9.590 	1.620 	487754.938 	041352 	356918749.116899
2015 	04 	24 	06 	50 	05.483268 	10.990 	-2.220 	499268.844 	041356 	356943005.483269
2015 	04 	25 	04 	45 	40.991273 	22.430 	-1.950 	498278.625 	041368 	357021940.991274
2015 	04 	25 	05 	19 	23.721538 	142.440 	0.040 	486504.375 	041370 	357023963.721538
2015 	04 	25 	08 	19 	46.327125 	65.690 	-1.220 	492398.531 	041372 	357034786.327125
2015 	04 	27 	12 	24 	29.727834 	48.550 	1.360 	487427.938 	041402 	357222269.727835
2015 	04 	27 	21 	06 	28.932371 	110.320 	-1.850 	492129.625 	041408 	357253588.932372
2015 	04 	28 	11 	52 	35.381946 	29.980 	0.650 	493082.219 	041416 	357306755.381947
2015 	04 	28 	15 	40 	31.961546 	123.130 	0.560 	480707.250 	041418 	357320431.961546
2015 	04 	28 	23 	04 	49.049035 	-92.770 	2.230 	485513.906 	041423 	357347089.049035
2015 	04 	29 	15 	07 	11.436883 	99.380 	1.480 	478894.656 	041433 	357404831.436884
2015 	04 	29 	18 	05 	51.303884 	16.420 	2.370 	481761.750 	041436 	357415551.303885
2015 	04 	30 	14 	18 	12.320623 	19.780 	2.130 	491050.656 	041446 	357488292.320624
2015 	05 	01 	00 	21 	33.570056 	11.730 	-1.090 	481314.156 	041452 	357524493.570056
2015 	05 	01 	20 	37 	26.075460 	27.700 	0.280 	479172.250 	041465 	357597446.075461
2015 	05 	02 	13 	25 	26.776818 	22.370 	2.260 	494775.969 	041477 	357657926.776819
2015 	05 	02 	13 	26 	57.027249 	27.720 	2.350 	493899.594 	041477 	357658017.027250
2015 	05 	02 	21 	50 	20.311540 	23.080 	-0.690 	479055.719 	041480 	357688220.311540
2015 	05 	03 	14 	32 	13.991536 	-4.010 	2.250 	496864.281 	041488 	357748333.991537
2015 	05 	03 	14 	40 	57.215411 	27.060 	2.440 	492198.625 	041488 	357748857.215411
2015 	05 	03 	21 	22 	44.490222 	20.030 	-0.630 	479457.250 	041492 	357772964.490223
2015 	05 	04 	09 	26 	37.130894 	81.520 	2.440 	496151.312 	041501 	357816397.130894
2015 	05 	04 	14 	09 	19.532509 	9.740 	2.450 	496679.875 	041503 	357833359.532510
2015 	05 	05 	20 	52 	52.537989 	104.660 	-2.330 	481654.031 	041521 	357943972.537989
2015 	05 	06 	11 	38 	55.979969 	24.480 	2.390 	498940.344 	041530 	357997135.979969
2015 	05 	06 	16 	38 	42.510324 	13.480 	1.530 	492958.625 	041536 	358015122.510324
2015 	05 	06 	20 	05 	10.268999 	29.780 	-1.260 	481972.344 	041536 	358027510.269000
2015 	05 	08 	15 	16 	50.133246 	-87.040 	1.510 	492257.562 	041561 	358183010.133246
2015 	05 	08 	15 	46 	24.519500 	18.200 	1.220 	495936.031 	041561 	358184784.519500
2015 	05 	08 	17 	29 	35.552492 	26.130 	-0.200 	491011.688 	041561 	358190975.552492
2015 	05 	08 	22 	57 	26.519059 	115.700 	-0.070 	484662.844 	041566 	358210646.519059
2015 	05 	09 	12 	23 	28.409211 	110.030 	-0.800 	490076.375 	041574 	358259008.409212
2015 	05 	09 	13 	35 	41.110749 	7.790 	2.230 	498799.625 	041574 	358263341.110749
2015 	05 	09 	13 	41 	54.632856 	29.930 	1.620 	498264.438 	041574 	358263714.632856
2015 	05 	09 	15 	22 	08.033904 	27.300 	0.760 	496338.375 	041576 	358269728.033904
2015 	05 	09 	17 	24 	09.636134 	102.500 	-2.470 	479973.812 	041576 	358277049.636134
2015 	05 	09 	18 	42 	12.771992 	20.780 	-1.110 	489819.094 	041576 	358281732.771993
2015 	05 	10 	13 	24 	58.055382 	65.150 	0.130 	495527.625 	041589 	358349098.055382
2015 	05 	10 	17 	01 	07.182510 	116.080 	-2.380 	479747.062 	041591 	358362067.182510
2015 	05 	11 	13 	58 	45.016339 	-78.330 	1.960 	486953.625 	041604 	358437525.016339
2015 	05 	11 	16 	08 	48.113933 	25.250 	-0.400 	496646.875 	041604 	358445328.113934
2015 	05 	12 	07 	38 	23.212110 	100.860 	1.490 	497805.125 	041615 	358501103.212111
2015 	05 	13 	03 	50 	25.564233 	103.810 	2.450 	490332.688 	041626 	358573825.564233
2015 	05 	13 	12 	26 	22.903392 	143.700 	-2.470 	488230.438 	041632 	358604782.903393
2015 	05 	14 	14 	45 	46.218627 	17.070 	-0.260 	498382.094 	041646 	358699546.218628
2015 	05 	14 	18 	07 	12.777675 	15.410 	-2.040 	496549.062 	041648 	358711632.777676
2015 	05 	15 	10 	52 	01.401131 	-0.390 	2.190 	488020.281 	041660 	358771921.401132
2015 	05 	15 	14 	17 	08.724662 	11.120 	-0.060 	497122.344 	041660 	358784228.724662
2015 	05 	15 	16 	42 	51.903266 	170.720 	0.780 	478046.812 	041662 	358792971.903266
2015 	05 	15 	21 	01 	28.460658 	13.040 	-2.360 	491715.562 	041664 	358808488.460658
2015 	05 	16 	00 	24 	33.035287 	17.380 	-0.710 	482688.688 	041666 	358820673.035287
2015 	05 	16 	04 	28 	20.943198 	167.140 	-0.660 	496781.875 	041668 	358835300.943199
2015 	05 	16 	18 	54 	29.503609 	16.330 	-2.460 	496481.031 	041678 	358887269.503609
2015 	05 	17 	13 	26 	46.450676 	23.830 	-0.790 	495608.469 	041688 	358954006.450677
2015 	05 	18 	11 	40 	58.397490 	102.590 	-2.420 	497950.250 	041702 	359034058.397491
2015 	05 	18 	14 	38 	16.530852 	15.110 	-1.480 	495816.375 	041704 	359044696.530853
2015 	05 	19 	07 	24 	28.648774 	4.080 	2.400 	478537.125 	041715 	359105068.648774
2015 	05 	19 	17 	36 	21.433252 	26.530 	-2.400 	498170.844 	041719 	359141781.433253
2015 	05 	20 	12 	05 	44.003158 	23.750 	-1.000 	489281.719 	041733 	359208344.003159
2015 	05 	20 	14 	06 	17.508118 	93.600 	-2.030 	497511.094 	041735 	359215577.508119
2015 	05 	21 	04 	52 	05.303027 	13.140 	2.470 	479257.219 	041741 	359268725.303028
2015 	05 	21 	07 	06 	46.412126 	133.740 	-2.260 	493534.344 	041743 	359276806.412126
2015 	05 	21 	18 	23 	59.169345 	29.230 	-1.740 	498086.219 	041749 	359317439.169346
2015 	05 	22 	05 	59 	57.316681 	-8.370 	2.450 	480321.562 	041756 	359359197.316682
2015 	05 	22 	06 	02 	25.087952 	0.450 	2.380 	479404.656 	041756 	359359345.087953
2015 	05 	22 	09 	56 	12.750204 	114.570 	-2.430 	495587.812 	041759 	359373372.750204
2015 	05 	22 	11 	12 	24.258301 	26.370 	-1.250 	485079.719 	041759 	359377944.258302
2015 	05 	22 	16 	12 	10.681060 	15.650 	-2.450 	495222.562 	041760 	359395930.681060
2015 	05 	22 	16 	13 	50.076454 	21.550 	-2.400 	495984.688 	041760 	359396030.076455
2015 	05 	22 	23 	20 	22.085996 	102.800 	2.270 	479288.875 	041766 	359421622.085997
2015 	05 	23 	11 	06 	46.296337 	102.740 	-2.250 	495495.938 	041772 	359464006.296337
2015 	05 	23 	19 	08 	59.944886 	22.750 	-0.940 	498187.250 	041777 	359492939.944886
2015 	05 	25 	10 	24 	39.404622 	145.500 	-0.700 	496898.812 	041801 	359634279.404623
2015 	05 	25 	12 	03 	47.943502 	139.080 	0.100 	497582.406 	041803 	359640227.943502
2015 	05 	25 	13 	12 	12.066829 	23.230 	-2.450 	485984.219 	041803 	359644332.066830
2015 	05 	25 	14 	53 	31.769419 	24.690 	-2.290 	490593.219 	041803 	359650411.769419
2015 	05 	25 	15 	25 	22.214631 	137.940 	1.980 	494542.594 	041803 	359652322.214632
2015 	05 	27 	00 	55 	09.557769 	107.030 	0.150 	479144.406 	041823 	359772909.557769
2015 	05 	27 	02 	55 	26.768912 	176.350 	-2.450 	483329.406 	041825 	359780126.768913
2015 	05 	27 	17 	20 	06.007907 	20.640 	-0.740 	493553.875 	041836 	359832006.007908
2015 	05 	28 	10 	31 	55.386116 	101.270 	-1.330 	488877.875 	041845 	359893915.386117
2015 	05 	28 	10 	32 	07.048034 	101.970 	-1.310 	489000.219 	041845 	359893927.048034
2015 	05 	28 	12 	12 	18.224891 	99.300 	-0.390 	492633.812 	041845 	359899938.224891
2015 	05 	28 	13 	31 	11.195053 	20.700 	-2.270 	483009.438 	041847 	359904671.195054
2015 	05 	28 	15 	12 	12.168641 	21.070 	-1.620 	487224.812 	041847 	359910732.168642
2015 	05 	29 	10 	48 	49.833532 	-102.090 	1.680 	490717.906 	041859 	359981329.833533
2015 	05 	29 	13 	05 	15.192341 	24.820 	-2.160 	481695.156 	041861 	359989515.192342
2015 	05 	29 	13 	30 	45.790292 	115.720 	1.460 	496153.688 	041861 	359991045.790293
2015 	05 	29 	15 	12 	15.982443 	117.720 	2.220 	497557.906 	041861 	359997135.982444
2015 	05 	29 	18 	07 	17.975723 	22.230 	0.580 	493449.438 	041863 	360007637.975723
2015 	05 	29 	20 	14 	27.160957 	115.540 	1.600 	491369.562 	041865 	360015267.160958
2015 	05 	30 	11 	17 	20.996276 	96.590 	-0.360 	487666.688 	041874 	360069440.996277
2015 	05 	30 	15 	58 	54.909294 	20.980 	-0.510 	486839.219 	041876 	360086334.909294
2015 	05 	30 	15 	59 	21.353815 	22.550 	-0.430 	487131.562 	041876 	360086361.353815
2015 	05 	30 	18 	04 	07.062032 	107.360 	2.360 	496952.312 	041876 	360093847.062033
2015 	05 	30 	19 	42 	30.976828 	98.340 	2.070 	495749.250 	041878 	360099750.976829
2015 	05 	30 	19 	45 	34.946807 	109.250 	1.760 	494336.000 	041878 	360099934.946807
2015 	05 	30 	21 	23 	51.770114 	99.800 	1.420 	493042.812 	041878 	360105831.770114
2015 	05 	30 	21 	26 	27.195418 	109.020 	0.840 	490653.750 	041880 	360105987.195418
2015 	05 	30 	22 	41 	46.711893 	17.870 	2.460 	497972.406 	041880 	360110506.711893
2015 	05 	31 	00 	48 	58.768122 	111.440 	-1.390 	481906.219 	041882 	360118138.768123
2015 	05 	31 	07 	27 	43.600453 	94.090 	-2.150 	478483.625 	041886 	360142063.600454
2015 	05 	31 	10 	55 	01.649429 	113.630 	0.500 	488429.375 	041888 	360154501.649429
2015 	05 	31 	17 	36 	50.155391 	106.770 	2.350 	497509.938 	041890 	360178610.155392
2015 	05 	31 	21 	00 	51.389590 	114.410 	0.530 	491834.906 	041892 	360190851.389591
2015 	06 	01 	00 	21 	33.427720 	110.300 	-1.410 	484147.625 	041894 	360202893.427720
2015 	06 	01 	06 	15 	26.724808 	-67.160 	1.940 	497139.844 	041898 	360224126.724809
2015 	06 	01 	07 	06 	35.506953 	115.430 	-1.460 	479197.531 	041898 	360227195.506953
2015 	06 	01 	13 	48 	02.664853 	107.470 	2.100 	493220.000 	041902 	360251282.664854
2015 	06 	01 	18 	28 	05.550630 	26.460 	1.880 	491800.438 	041904 	360268085.550631
2015 	06 	02 	04 	52 	30.539138 	93.660 	-2.450 	478638.125 	041913 	360305550.539139
2015 	06 	02 	11 	46 	05.737753 	129.210 	2.090 	490782.531 	041917 	360330365.737754
2015 	06 	02 	13 	19 	29.570052 	102.370 	2.020 	490263.969 	041917 	360335969.570053
2015 	06 	02 	23 	27 	29.864862 	110.910 	-1.550 	488576.562 	041923 	360372449.864863
2015 	06 	02 	23 	30 	51.203872 	122.880 	-1.940 	486275.875 	041923 	360372651.203872
2015 	06 	04 	00 	18 	12.568576 	28.780 	0.900 	497774.469 	041939 	360461892.568577
2015 	06 	04 	12 	27 	09.470309 	109.240 	2.250 	486843.219 	041946 	360505629.470309
2015 	06 	04 	15 	23 	44.322152 	19.090 	0.880 	480196.625 	041947 	360516224.322153
2015 	06 	04 	15 	23 	44.323019 	19.090 	0.880 	480196.625 	041947 	360516224.323019
2015 	06 	04 	15 	50 	29.744759 	114.570 	2.060 	495245.656 	041947 	360517829.744760
2015 	06 	05 	10 	19 	34.703949 	110.890 	1.700 	481034.000 	041958 	360584374.703950
2015 	06 	05 	15 	20 	21.272211 	103.900 	2.260 	491958.094 	041960 	360602421.272211
2015 	06 	07 	11 	09 	42.721454 	123.480 	2.460 	482540.906 	041987 	360760182.721455
2015 	06 	07 	16 	10 	02.245826 	114.840 	1.060 	493241.469 	041989 	360778202.245826
2015 	06 	07 	19 	37 	14.652633 	133.780 	-1.790 	496738.938 	041991 	360790634.652633
2015 	06 	08 	07 	15 	30.917608 	104.720 	0.690 	478197.000 	041999 	360832530.917609
2015 	06 	08 	08 	57 	27.037289 	108.420 	1.780 	477546.375 	041999 	360838647.037289
2015 	06 	08 	15 	15 	12.659344 	16.020 	1.900 	477943.500 	042003 	360861312.659345
2015 	06 	08 	15 	15 	12.663744 	16.020 	1.900 	477943.500 	042003 	360861312.663745
2015 	06 	08 	16 	56 	36.784654 	17.840 	2.420 	479522.094 	042003 	360867396.784655
2015 	06 	08 	23 	40 	19.302778 	18.040 	-0.080 	494507.125 	042008 	360891619.302778
2015 	06 	08 	23 	42 	20.493216 	25.220 	-0.410 	495405.406 	042008 	360891740.493217
2015 	06 	09 	03 	04 	26.264284 	26.020 	-2.180 	497372.375 	042010 	360903866.264284
2015 	06 	09 	13 	08 	04.621356 	19.370 	1.230 	478919.375 	042017 	360940084.621356
2015 	06 	09 	13 	31 	05.680841 	101.740 	2.170 	482495.406 	042017 	360941465.680841
2015 	06 	09 	15 	27 	26.517760 	156.700 	-0.960 	495082.375 	042017 	360948446.517761
2015 	06 	11 	18 	59 	14.539314 	26.460 	1.440 	481558.781 	042049 	361133954.539315
2015 	06 	12 	15 	43 	04.222482 	143.720 	-1.590 	491054.469 	042062 	361208584.222483
2015 	06 	13 	05 	05 	40.238150 	126.680 	1.850 	482988.125 	042068 	361256740.238150
2015 	06 	13 	08 	29 	19.166517 	133.350 	2.350 	477292.250 	042070 	361268959.166517
2015 	06 	14 	21 	10 	07.104398 	64.880 	-2.190 	489359.031 	042093 	361401007.104398
2015 	06 	15 	23 	54 	33.037895 	28.800 	-2.410 	489019.250 	042109 	361497273.037895
2015 	06 	17 	22 	28 	29.368925 	-83.770 	1.580 	480351.156 	042137 	361664909.368926
2015 	06 	18 	12 	26 	37.570074 	26.340 	2.390 	487640.719 	042145 	361715197.570075
2015 	06 	18 	15 	48 	25.319899 	26.330 	0.990 	480072.875 	042147 	361727305.319899
2015 	06 	19 	15 	20 	12.379815 	23.070 	1.060 	482295.875 	042161 	361812012.379816
2015 	06 	20 	14 	52 	43.492119 	22.480 	1.020 	484477.562 	042173 	361896763.492119
2015 	06 	20 	14 	52 	55.962756 	23.220 	0.980 	484348.031 	042173 	361896775.962757
2015 	06 	20 	16 	34 	14.016233 	24.640 	-0.170 	480461.906 	042175 	361902854.016234
2015 	06 	21 	00 	59 	08.481868 	26.320 	-1.810 	485256.219 	042179 	361933148.481868
2015 	06 	23 	18 	55 	32.102829 	101.590 	-1.500 	479838.281 	042219 	362170532.102830
