043465  47     101270300.634512     101270324.235424     23.601 2007-03-18 02:38:20	 134217727.539838 134217751.595817	UNK	  0  1  1  0  0	  0 	 173	 0	 0	 0
043465  46     101270267.082624     101270289.931552     22.849 2007-03-18 02:37:47	 134217727.555075 134217750.843951	UNK	  0  1  1  0  0	  0 	 0	 171	 0	 0
043465  45     101270212.554832     101270235.147760     22.593 2007-03-18 02:36:52	 134217727.602500 134217750.586435	UNK	  0  1  1  0  0	  0 	 165	 0	 0	 0
043465  44     101270151.643072     101270175.243984     23.601 2007-03-18 02:35:51	 134217727.498564 134217751.591361	UNK	  0  1  1  0  0	  0 	 0	 0	 164	 0
043465  43     101270075.547344     101270098.444272     22.897 2007-03-18 02:34:35	 134217727.601832 134217750.892866	UNK	  0  1  1  0  0	  0 	 0	 171	 0	 0
043465  42     101270050.587440     101270073.356368     22.769 2007-03-18 02:34:10	 134217727.543750 134217750.765643	UNK	  0  1  1  0  0	  0 	 177	 0	 0	 0
043465  41     101270024.379536     101270032.908512      8.529 2007-03-18 02:33:44	 134217727.633409 134217736.522812	UNK	  0  0  1  0  0	  0 	 0	 67	 0	 0
043465  40     101269978.843712     101269983.244704      4.401 2007-03-18 02:32:58	 134217727.535051 134217732.392323	UNK	  0  0  1  0  0	  0 	 35	 0	 0	 0
043465  39     101269928.603968     101269932.044896      3.441 2007-03-18 02:32:08	 134217727.591440 134217731.438482	UNK	  0  0  1  1  0	  1 	   15   0      0      0 	 0	 30	 0	 0
043465  38     101269822.156288     101269841.933232     19.777 2007-03-18 02:30:22	 134217727.578193 134217747.771226	UNK	  0  0  1  0  0	  0 	 158	 0	 0	 0
043465  37     101269775.660464     101269783.053440      7.393 2007-03-18 02:29:35	 134217727.597050 134217735.385254	UNK	  0  0  1  0  0	  0 	 0	 59	 0	 0
043465  36     101269752.556560     101269757.965536      5.409 2007-03-18 02:29:12	 134217727.553377 134217733.403419	UNK	  0  0  1  1  0	  1 	   15   0      0      0 	 44	 0	 0	 0
043465  35     101269742.604592     101269746.189584      3.585 2007-03-18 02:29:02	 134217727.616181 134217731.582552	UNK	  0  0  1  0  0	  0 	 0	 31	 0	 0
043465  34     101269733.852624     101269736.973616      3.121 2007-03-18 02:28:53	 134217727.586077 134217731.115493	UNK	  0  0  1  0  0	  0 	 25	 0	 0	 0
043465  33     101269701.884752     101269705.229744      3.345 2007-03-18 02:28:21	 134217727.610341 134217731.341732	UNK	  0  0  1  0  0	  0 	 0	 0	 29	 0
043465  32     101269679.164864     101269682.701856      3.537 2007-03-18 02:27:59	 134217727.508151 134217731.530561	UNK	  0  0  1  0  0	  0 	 0	 29	 0	 0
043465  31     101269674.764880     101269678.093872      3.329 2007-03-18 02:27:54	 134217727.556595 134217731.321597	UNK	  0  0  1  1  0	  1 	   15   0      0      0 	 30	 0	 0	 0
043465  30     101269639.452976     101269642.765968      3.313 2007-03-18 02:27:19	 134217727.593441 134217731.305142	UNK	  0  0  1  1  0	  1 	   15   0      0      0 	 0	 29	 0	 0
043465  29     101267243.445872     101267247.558864      4.113 2007-03-18 01:47:23	 134217727.541824 134217732.105013	UNK	  0  0  1  0  0	  0 	 0	 36	 0	 0
043465  28     101265627.515984     101265630.668976      3.153 2007-03-18 01:20:27	 134217727.467429 134217731.143631	UNK	  0  0  1  0  0	  0 	 24	 0	 0	 0
043465  27     101264891.662768     101264894.927760      3.265 2007-03-18 01:08:11	 134217727.495960 134217731.258265	UNK	  0  0  1  0  0	  0 	 0	 24	 0	 0
043465  26     101264876.718832     101264880.079824      3.361 2007-03-18 01:07:56	 134217727.550657 134217731.348202	UNK	  0  0  1  0  0	  0 	 26	 0	 0	 0
043465  25     101264618.783840     101264622.032832      3.249 2007-03-18 01:03:38	 134217727.440116 134217731.240497	UNK	  0  0  1  1  0	  1 	   15   0      0      0 	 0	 25	 0	 0
043465  24     101264561.424016     101264581.072944     19.649 2007-03-18 01:02:41	 134217727.477585 134217747.641412	UNK	  0  0  1  0  0	  0 	 135	 0	 0	 0
043465  23     101264505.152224     101264508.369216      3.217 2007-03-18 01:01:45	 134217727.505910 134217731.209914	UNK	  0  0  1  1  0	  1 	   15   0      0      0 	 0	 26	 0	 0
043465  22     101264383.872672     101264406.481600     22.609 2007-03-18 00:59:43	 134217727.568099 134217750.602925	UNK	  0  1  1  0  0	  0 	 157	 0	 0	 0
043465  21     101264302.928976     101264325.585904     22.657 2007-03-18 00:58:22	 134217727.578890 134217750.653176	UNK	  0  1  1  0  0	  0 	 0	 0	 162	 0
043465  20     101264264.161120     101264287.186048     23.025 2007-03-18 00:57:44	 134217727.555800 134217751.023630	UNK	  0  1  1  0  0	  0 	 0	 164	 0	 0
043465  19     101264231.857248     101264254.418160     22.561 2007-03-18 00:57:11	 134217727.531304 134217750.557848	UNK	  0  1  1  0  0	  0 	 157	 0	 0	 0
043465  18     101264200.849360     101264223.698272     22.849 2007-03-18 00:56:40	 134217727.550169 134217750.847218	UNK	  0  1  1  0  0	  0 	 0	 0	 162	 0
043465  17     101264132.849616     101264155.602528     22.753 2007-03-18 00:55:32	 134216963.008940 134217750.739447	UNK	  0  1  1  0  0	  0 	 0	 175	 0	 0
043465  16     101264109.745728     101264132.562624     22.817 2007-03-18 00:55:09	 134217727.602814 134217750.805445	UNK	  0  1  1  0  0	  0 	 174	 0	 0	 0
043465  15     101264044.097936     101264067.026864     22.929 2007-03-18 00:54:04	 134217727.556494 134217750.924065	UNK	  0  1  1  0  0	  0 	 0	 175	 0	 0
043465  14     101263999.618112     101264022.483024     22.865 2007-03-18 00:53:19	 134217727.528436 134217750.863570	UNK	  0  1  1  0  0	  0 	 166	 0	 0	 0
043465  13     101263896.690480     101263919.571408     22.881 2007-03-18 00:51:36	 134217727.601396 134217750.875415	UNK	  0  1  1  0  0	  0 	 0	 0	 177	 0
043465  12     101263869.522592     101263892.435504     22.913 2007-03-18 00:51:09	 134217727.553124 134217750.903462	UNK	  0  1  1  0  0	  0 	 0	 179	 0	 0
043465  11     101263820.706800     101263843.283696     22.577 2007-03-18 00:50:20	 134217727.519621 134217750.573415	UNK	  0  1  1  1  0	  1 	   15   0      0      0 	 180	 0	 0	 0
043465  10     101263785.554928     101263789.011888      3.457 2007-03-18 00:49:45	 134217727.515484 134217731.448536	UNK	  0  0  1  0  0	  0 	 0	 29	 0	 0
043465   9     101263701.203216     101263704.532208      3.329 2007-03-18 00:48:21	 134217727.572892 134217731.328389	UNK	  0  0  1  1  0	  1 	   15   0      0      0 	 30	 0	 0	 0
043465   8     101263691.123248     101263694.292240      3.169 2007-03-18 00:48:11	 134217727.557050 134217731.166189	UNK	  0  0  1  1  0	  1 	   15   0      0      0 	 0	 29	 0	 0
043465   7     101263671.027328     101263674.324320      3.297 2007-03-18 00:47:51	 134217727.570860 134217731.291193	UNK	  0  0  1  0  0	  0 	 30	 0	 0	 0
043465   6     101263663.395344     101263666.644352      3.249 2007-03-18 00:47:43	 134217727.579309 134217731.243933	UNK	  0  0  1  0  0	  0 	 0	 29	 0	 0
043465   5     101263623.091504     101263629.268480      6.177 2007-03-18 00:47:03	 134217727.592598 134217734.173235	UNK	  0  0  1  1  0	  1 	   15   0      0      0 	 51	 0	 0	 0
043465   4     101263576.451680     101263590.868624     14.417 2007-03-18 00:46:16	 134217727.590877 134217742.409408	UNK	  0  0  1  1  0	  1 	   15   0      0      0 	 0	 115	 0	 0
043465   3     101263508.131920     101263511.508928      3.377 2007-03-18 00:45:08	 134217727.553438 134217731.370541	UNK	  0  0  1  1  0	  1 	   15   0      0      0 	 29	 0	 0	 0
043465   2     101263457.476112     101263460.821104      3.345 2007-03-18 00:44:17	 134217727.560827 134217731.341216	UNK	  0  0  1  1  0	  1 	   15   0      0      0 	 0	 30	 0	 0
043465   1     101263229.044960     101263232.469952      3.425 2007-03-18 00:40:29	 134217727.599004 134217731.420294	UNK	  0  0  1  1  0	  1 	   15   0      0      0 	 33	 0	 0	 0
