043600   1     102087996.638992     102088002.159968      5.521 2007-03-27 13:46:36	 268435455.515734 268435461.514476	GRB	  0  1  1  0  0	  0 	 39	 0	 0	 0
043600   2     102088162.622336     102088168.047328      5.425 2007-03-27 13:49:22	 268435455.514094 268435461.416799	GRB	  0  1  1  1  0	  1 	   15   0      0      0 	 0	 40	 0	 0
043600   3     102089193.130528     102089198.699520      5.569 2007-03-27 14:06:33	 268435455.566271 268435461.555604	GRB	  0  1  1  0  0	  0 	 45	 0	 0	 0
043600   4     102089512.585360     102089518.186336      5.601 2007-03-27 14:11:52	 268435455.551157 268435461.593026	GRB	  0  1  1  0  0	  0 	 0	 47	 0	 0
043600   5     102089608.760992     102089611.882000      3.121 2007-03-27 14:13:28	 268435455.583748 268435459.109017	GRB	  0  0  1  1  0	  1 	   15   0      0      0 	 29	 0	 0	 0
043600   6     102089715.592608     102089720.937600      5.345 2007-03-27 14:15:15	 268435455.571312 268435461.338566	GRB	  0  1  1  0  0	  0 	 0	 49	 0	 0
043600   7     102089787.688336     102089793.129328      5.441 2007-03-27 14:16:27	 268435455.626926 268435461.435265	GRB	  0  1  1  1  0	  1 	   15   0      0      0 	 46	 0	 0	 0
043600   8     102089803.256272     102089809.513264      6.257 2007-03-27 14:16:43	 268435455.618847 268435462.251000	GRB	  0  1  1  0  0	  0 	 0	 53	 0	 0
043600   9     102089901.383920     102089906.792912      5.409 2007-03-27 14:18:21	 268435455.547184 268435461.400455	GRB	  0  1  1  0  0	  0 	 48	 0	 0	 0
043600  10     102089919.063856     102089925.224832      6.161 2007-03-27 14:18:39	 268435455.589452 268435462.149115	GRB	  0  1  1  0  0	  0 	 0	 52	 0	 0
043600  11     102089925.831824     102089931.368816      5.537 2007-03-27 14:18:45	 268435455.581393 268435461.527140	GRB	  0  1  1  0  0	  0 	 48	 0	 0	 0
043600  12     102089971.223664     102089976.424672      5.201 2007-03-27 14:19:31	 268435455.590896 268435461.196520	GRB	  0  1  1  0  0	  0 	 0	 0	 47	 0
043600  13     102089979.623632     102089985.128608      5.505 2007-03-27 14:19:39	 268435455.610006 268435461.501070	GRB	  0  1  1  0  0	  0 	 46	 0	 0	 0
043600  14     102089987.159600     102089992.296592      5.137 2007-03-27 14:19:47	 268435455.619431 268435461.124643	GRB	  0  1  1  0  0	  0 	 0	 44	 0	 0
043600  15     102089999.639552     102090005.096544      5.457 2007-03-27 14:19:59	 268435455.520629 268435461.443781	GRB	  0  1  1  0  0	  0 	 0	 0	 46	 0
043600  16     102090029.527440     102090034.792432      5.265 2007-03-27 14:20:29	 268435455.550248 268435461.260106	GRB	  0  1  1  0  0	  0 	 44	 0	 0	 0
043600  17     102090047.735376     102090053.224368      5.489 2007-03-27 14:20:47	 268435455.573546 268435461.482009	GRB	  0  1  1  0  0	  0 	 0	 46	 0	 0
043600  18     102090083.735248     102090089.064224      5.329 2007-03-27 14:21:23	 268435455.530248 268435461.323713	GRB	  0  1  1  0  0	  0 	 47	 0	 0	 0
043600  19     102090188.934848     102090194.535840      5.601 2007-03-27 14:23:08	 268435455.615331 268435461.597300	GRB	  0  1  1  0  0	  0 	 0	 46	 0	 0
043600  20     102090201.574800     102090206.823792      5.249 2007-03-27 14:23:21	 268435455.470546 268435461.242650	GRB	  0  1  1  0  0	  0 	 45	 0	 0	 0
043600  21     102090228.214704     102090233.447696      5.233 2007-03-27 14:23:48	 268435455.644586 268435461.229093	GRB	  0  1  1  0  0	  0 	 0	 42	 0	 0
043600  22     102090268.390560     102090273.895552      5.505 2007-03-27 14:24:28	 268435455.573042 268435461.495309	GRB	  0  1  1  0  0	  0 	 47	 0	 0	 0
043600  23     102090303.526432     102090309.735408      6.209 2007-03-27 14:25:03	 268435455.580546 268435462.204927	GRB	  0  1  1  0  0	  0 	 0	 54	 0	 0
043600  24     102090572.181424     102090577.510416      5.329 2007-03-27 14:29:32	 268435455.585829 268435461.314490	GRB	  0  1  1  0  0	  0 	 49	 0	 0	 0
043600  25     102095041.275744     102095047.500736      6.225 2007-03-27 15:44:01	 268435455.581896 268435462.213991	GRB	  0  1  1  0  0	  0 	 50	 0	 0	 0
043600  26     102095065.819664     102095071.052640      5.233 2007-03-27 15:44:25	 268435455.544865 268435461.226869	GRB	  0  1  1  0  0	  0 	 0	 43	 0	 0
043600  27     102095101.035536     102095106.380512      5.345 2007-03-27 15:45:01	 268435455.546589 268435461.338522	GRB	  0  1  1  0  0	  0 	 43	 0	 0	 0
043600  28     102095144.827136     102095150.412144      5.585 2007-03-27 15:45:44	 268435455.570037 268435461.579141	GRB	  0  1  1  0  0	  0 	 0	 44	 0	 0
043600  29     102095304.043136     102095309.644144      5.601 2007-03-27 15:48:24	 268435455.549415 268435461.590584	GRB	  0  1  1  0  0	  0 	 46	 0	 0	 0
043600  30     102095388.687648     102095393.984640      5.297 2007-03-27 15:49:48	 268435455.555002 268435461.290464	GRB	  0  1  1  0  0	  0 	 0	 42	 0	 0
043600  31     102095429.519488     102095434.944480      5.425 2007-03-27 15:50:29	 268435455.527221 268435461.410327	GRB	  0  1  1  0  0	  0 	 44	 0	 0	 0
043600  32     102095442.159472     102095447.744432      5.585 2007-03-27 15:50:42	 268435455.540216 268435461.569783	GRB	  0  1  1  0  0	  0 	 0	 46	 0	 0
043600  33     102095490.223264     102095495.360256      5.137 2007-03-27 15:51:30	 268435455.550536 268435461.131524	GRB	  0  1  1  0  0	  0 	 44	 0	 0	 0
043600  34     102095541.727072     102095547.072064      5.345 2007-03-27 15:52:21	 268435455.534377 268435461.334574	GRB	  0  1  1  0  0	  0 	 0	 45	 0	 0
043600  35     102095567.838976     102095573.183968      5.345 2007-03-27 15:52:47	 268435455.584963 268435461.329595	GRB	  0  1  1  0  0	  0 	 44	 0	 0	 0
043600  36     102095700.030528     102095705.279520      5.249 2007-03-27 15:55:00	 268435455.595933 268435461.243737	GRB	  0  1  1  1  0	  1 	   15   0      0      0 	 0	 45	 0	 0
043600  37     102095724.382400     102095729.855392      5.473 2007-03-27 15:55:24	 268435455.563881 268435461.466109	GRB	  0  1  1  0  0	  0 	 48	 0	 0	 0
043600  38     102095885.725808     102095891.134784      5.409 2007-03-27 15:58:05	 268435455.550757 268435461.398315	GRB	  0  1  1  0  0	  0 	 0	 45	 0	 0
043600   1     102087996.638992     102088002.159968      5.521 2007-03-27 13:46:36	 268435455.515734 268435461.514476	GRB	  0  1  1  0  0	  0 	 39	 0	 0	 0
043600   2     102088162.622336     102088168.047328      5.425 2007-03-27 13:49:22	 268435455.514094 268435461.416799	GRB	  0  1  1  1  0	  1 	   15   0      0      0 	 0	 40	 0	 0
043600   3     102089193.130528     102089198.699520      5.569 2007-03-27 14:06:33	 268435455.566271 268435461.555604	GRB	  0  1  1  0  0	  0 	 45	 0	 0	 0
043600   4     102089512.585360     102089518.186336      5.601 2007-03-27 14:11:52	 268435455.551157 268435461.593026	GRB	  0  1  1  0  0	  0 	 0	 47	 0	 0
043600   5     102089608.760992     102089611.882000      3.121 2007-03-27 14:13:28	 268435455.583748 268435459.109017	GRB	  0  0  1  1  0	  1 	   15   0      0      0 	 29	 0	 0	 0
043600   6     102089715.592608     102089720.937600      5.345 2007-03-27 14:15:15	 268435455.571312 268435461.338566	GRB	  0  1  1  0  0	  0 	 0	 49	 0	 0
043600   7     102089787.688336     102089793.129328      5.441 2007-03-27 14:16:27	 268435455.626926 268435461.435265	GRB	  0  1  1  1  0	  1 	   15   0      0      0 	 46	 0	 0	 0
043600   8     102089803.256272     102089809.513264      6.257 2007-03-27 14:16:43	 268435455.618847 268435462.251000	GRB	  0  1  1  0  0	  0 	 0	 53	 0	 0
043600   9     102089901.383920     102089906.792912      5.409 2007-03-27 14:18:21	 268435455.547184 268435461.400455	GRB	  0  1  1  0  0	  0 	 48	 0	 0	 0
043600  10     102089919.063856     102089925.224832      6.161 2007-03-27 14:18:39	 268435455.589452 268435462.149115	GRB	  0  1  1  0  0	  0 	 0	 52	 0	 0
043600  11     102089925.831824     102089931.368816      5.537 2007-03-27 14:18:45	 268435455.581393 268435461.527140	GRB	  0  1  1  0  0	  0 	 48	 0	 0	 0
043600  12     102089971.223664     102089976.424672      5.201 2007-03-27 14:19:31	 268435455.590896 268435461.196520	GRB	  0  1  1  0  0	  0 	 0	 0	 47	 0
043600  13     102089979.623632     102089985.128608      5.505 2007-03-27 14:19:39	 268435455.610006 268435461.501070	GRB	  0  1  1  0  0	  0 	 46	 0	 0	 0
043600  14     102089987.159600     102089992.296592      5.137 2007-03-27 14:19:47	 268435455.619431 268435461.124643	GRB	  0  1  1  0  0	  0 	 0	 44	 0	 0
043600  15     102089999.639552     102090005.096544      5.457 2007-03-27 14:19:59	 268435455.520629 268435461.443781	GRB	  0  1  1  0  0	  0 	 0	 0	 46	 0
043600  16     102090029.527440     102090034.792432      5.265 2007-03-27 14:20:29	 268435455.550248 268435461.260106	GRB	  0  1  1  0  0	  0 	 44	 0	 0	 0
043600  17     102090047.735376     102090053.224368      5.489 2007-03-27 14:20:47	 268435455.573546 268435461.482009	GRB	  0  1  1  0  0	  0 	 0	 46	 0	 0
043600  18     102090083.735248     102090089.064224      5.329 2007-03-27 14:21:23	 268435455.530248 268435461.323713	GRB	  0  1  1  0  0	  0 	 47	 0	 0	 0
043600  19     102090188.934848     102090194.535840      5.601 2007-03-27 14:23:08	 268435455.615331 268435461.597300	GRB	  0  1  1  0  0	  0 	 0	 46	 0	 0
043600  20     102090201.574800     102090206.823792      5.249 2007-03-27 14:23:21	 268435455.470546 268435461.242650	GRB	  0  1  1  0  0	  0 	 45	 0	 0	 0
043600  21     102090228.214704     102090233.447696      5.233 2007-03-27 14:23:48	 268435455.644586 268435461.229093	GRB	  0  1  1  0  0	  0 	 0	 42	 0	 0
043600  22     102090268.390560     102090273.895552      5.505 2007-03-27 14:24:28	 268435455.573042 268435461.495309	GRB	  0  1  1  0  0	  0 	 47	 0	 0	 0
043600  23     102090303.526432     102090309.735408      6.209 2007-03-27 14:25:03	 268435455.580546 268435462.204927	GRB	  0  1  1  0  0	  0 	 0	 54	 0	 0
043600  24     102090572.181424     102090577.510416      5.329 2007-03-27 14:29:32	 268435455.585829 268435461.314490	GRB	  0  1  1  0  0	  0 	 49	 0	 0	 0
043600  25     102095041.275744     102095047.500736      6.225 2007-03-27 15:44:01	 268435455.581896 268435462.213991	GRB	  0  1  1  0  0	  0 	 50	 0	 0	 0
043600  26     102095065.819664     102095071.052640      5.233 2007-03-27 15:44:25	 268435455.544865 268435461.226869	GRB	  0  1  1  0  0	  0 	 0	 43	 0	 0
043600  27     102095101.035536     102095106.380512      5.345 2007-03-27 15:45:01	 268435455.546589 268435461.338522	GRB	  0  1  1  0  0	  0 	 43	 0	 0	 0
043600  28     102095144.827136     102095150.412144      5.585 2007-03-27 15:45:44	 268435455.570037 268435461.579141	GRB	  0  1  1  0  0	  0 	 0	 44	 0	 0
043600  29     102095304.043136     102095309.644144      5.601 2007-03-27 15:48:24	 268435455.549415 268435461.590584	GRB	  0  1  1  0  0	  0 	 46	 0	 0	 0
043600  30     102095388.687648     102095393.984640      5.297 2007-03-27 15:49:48	 268435455.555002 268435461.290464	GRB	  0  1  1  0  0	  0 	 0	 42	 0	 0
043600  31     102095429.519488     102095434.944480      5.425 2007-03-27 15:50:29	 268435455.527221 268435461.410327	GRB	  0  1  1  0  0	  0 	 44	 0	 0	 0
043600  32     102095442.159472     102095447.744432      5.585 2007-03-27 15:50:42	 268435455.540216 268435461.569783	GRB	  0  1  1  0  0	  0 	 0	 46	 0	 0
043600  33     102095490.223264     102095495.360256      5.137 2007-03-27 15:51:30	 268435455.550536 268435461.131524	GRB	  0  1  1  0  0	  0 	 44	 0	 0	 0
043600  34     102095541.727072     102095547.072064      5.345 2007-03-27 15:52:21	 268435455.534377 268435461.334574	GRB	  0  1  1  0  0	  0 	 0	 45	 0	 0
043600  35     102095567.838976     102095573.183968      5.345 2007-03-27 15:52:47	 268435455.584963 268435461.329595	GRB	  0  1  1  0  0	  0 	 44	 0	 0	 0
043600  36     102095700.030528     102095705.279520      5.249 2007-03-27 15:55:00	 268435455.595933 268435461.243737	GRB	  0  1  1  1  0	  1 	   15   0      0      0 	 0	 45	 0	 0
043600  37     102095724.382400     102095729.855392      5.473 2007-03-27 15:55:24	 268435455.563881 268435461.466109	GRB	  0  1  1  0  0	  0 	 48	 0	 0	 0
043600  38     102095885.725808     102095891.134784      5.409 2007-03-27 15:58:05	 268435455.550757 268435461.398315	GRB	  0  1  1  0  0	  0 	 0	 45	 0	 0
043614   1     102172991.548800     102172996.909792      5.361 2007-03-28 13:23:11	 268435455.499635 268435461.352417	GRB	  0  1  1  0  0	  0 	 40	 0	 0	 0
043614   2     102174184.040384     102174189.353376      5.313 2007-03-28 13:43:04	 268435455.578189 268435461.308198	GRB	  0  1  1  0  0	  0 	 0	 42	 0	 0
043614   3     102174239.832192     102174245.161168      5.329 2007-03-28 13:43:59	 268435455.581350 268435461.322670	GRB	  0  1  1  0  0	  0 	 42	 0	 0	 0
043614   4     102174347.127792     102174352.680768      5.553 2007-03-28 13:45:47	 268435455.580887 268435461.543989	GRB	  0  1  1  0  0	  0 	 0	 47	 0	 0
043614   5     102174401.783584     102174407.976576      6.193 2007-03-28 13:46:41	 268435455.513262 268435462.187328	GRB	  0  1  1  0  0	  0 	 50	 0	 0	 0
043614   6     102174485.527280     102174490.920288      5.393 2007-03-28 13:48:05	 268435455.537096 268435461.384910	GRB	  0  1  1  0  0	  0 	 0	 45	 0	 0
043614   7     102174493.415248     102174498.600240      5.185 2007-03-28 13:48:13	 268435455.605523 268435461.176633	GRB	  0  1  1  0  0	  0 	 45	 0	 0	 0
043614   8     102174546.663056     102174551.848032      5.185 2007-03-28 13:49:06	 268435455.617129 268435461.175278	GRB	  0  1  1  0  0	  0 	 0	 0	 43	 0
043614   9     102174554.791024     102174560.040000      5.249 2007-03-28 13:49:14	 268435455.589859 268435461.242316	GRB	  0  1  1  0  0	  0 	 45	 0	 0	 0
043614  10     102174564.070976     102174569.255968      5.185 2007-03-28 13:49:24	 268435455.585458 268435461.175786	GRB	  0  1  1  0  0	  0 	 0	 45	 0	 0
043614  11     102174583.094912     102174588.711904      5.617 2007-03-28 13:49:43	 268435455.542211 268435461.611177	GRB	  0  1  1  0  0	  0 	 48	 0	 0	 0
043614  12     102174575.174944     102174580.519936      5.345 2007-03-28 13:49:35	 268435455.553718 268435461.330735	GRB	  0  1  1  0  0	  0 	 0	 0	 46	 0
043614  13     102174617.510816     102174623.015808      5.505 2007-03-28 13:50:17	 268435455.529855 268435461.498229	GRB	  0  1  1  0  0	  0 	 0	 0	 0	 47
043614  14     102174655.750640     102174661.927632      6.177 2007-03-28 13:50:55	 268435455.613611 268435462.169190	GRB	  0  1  1  0  0	  0 	 49	 0	 0	 0
043614  15     102174723.174384     102174728.487376      5.313 2007-03-28 13:52:03	 268435455.539813 268435461.305942	GRB	  0  1  1  0  0	  0 	 0	 45	 0	 0
043614  16     102174731.782368     102174737.191344      5.409 2007-03-28 13:52:11	 268435455.518055 268435461.389946	GRB	  0  1  1  0  0	  0 	 47	 0	 0	 0
043614  17     102174750.246288     102174755.623280      5.377 2007-03-28 13:52:30	 268435455.608489 268435461.369423	GRB	  0  1  1  0  0	  0 	 0	 0	 46	 0
043614  18     102174862.293872     102174867.750864      5.457 2007-03-28 13:54:22	 268435455.561228 268435461.448108	GRB	  0  1  1  1  0	  1 	   15   0      0      0 	 46	 0	 0	 0
043614  19     102174952.069536     102174957.350528      5.281 2007-03-28 13:55:52	 268435455.641458 268435461.265955	GRB	  0  1  1  1  0	  1 	   15   0      0      0 	 0	 48	 0	 0
043614  20     102175032.709248     102175038.246224      5.537 2007-03-28 13:57:12	 268435455.610327 268435461.534009	GRB	  0  1  1  0  0	  0 	 48	 0	 0	 0
043614  21     102175038.981216     102175044.390208      5.409 2007-03-28 13:57:18	 268435455.622255 268435461.399538	GRB	  0  1  1  0  0	  0 	 0	 47	 0	 0
043614  22     102175078.197072     102175083.814064      5.617 2007-03-28 13:57:58	 268435455.575745 268435461.611983	GRB	  0  1  1  0  0	  0 	 0	 0	 47	 0
043614  23     102175112.196944     102175117.605936      5.409 2007-03-28 13:58:32	 268435455.599788 268435461.402362	GRB	  0  1  1  0  0	  0 	 45	 0	 0	 0
043614  24     102175384.115920     102175389.476912      5.361 2007-03-28 14:03:04	 268435455.586115 268435461.346849	GRB	  0  1  1  1  0	  1 	   15   0      0      0 	 0	 49	 0	 0
043614  25     102175389.523904     102175395.108928      5.585 2007-03-28 14:03:09	 268433045.483613 268435461.581757	GRB	  0  1  1  1  0	  1 	   15   0      0      0 	 53	 0	 0	 0
043614  26     102178646.199696     102178651.512672      5.313 2007-03-28 14:57:26	 268435455.479998 268435461.307033	GRB	  0  1  1  1  0	  1 	   15   0      0      0 	 39	 0	 0	 0
043614  27     102179386.772992     102179392.373968      5.601 2007-03-28 15:09:46	 268435455.496242 268435461.594169	GRB	  0  1  1  1  0	  1 	   15   0      0      0 	 0	 44	 0	 0
043614  28     102179793.619440     102179798.900432      5.281 2007-03-28 15:16:33	 268435455.515114 268435461.276826	GRB	  0  1  1  0  0	  0 	 41	 0	 0	 0
043614  29     102179812.803376     102179818.356368      5.553 2007-03-28 15:16:52	 268435455.514203 268435461.544336	GRB	  0  1  1  0  0	  0 	 0	 45	 0	 0
043614  30     102179855.603216     102179860.852208      5.249 2007-03-28 15:17:35	 268435455.505481 268435461.242297	GRB	  0  1  1  0  0	  0 	 45	 0	 0	 0
043614  31     102179896.243056     102179901.812048      5.569 2007-03-28 15:18:16	 268435455.577374 268435461.556202	GRB	  0  1  1  0  0	  0 	 0	 47	 0	 0
043614  32     102180085.026368     102180091.251344      6.225 2007-03-28 15:21:25	 268435455.546742 268435462.218964	GRB	  0  1  1  0  0	  0 	 54	 0	 0	 0
043614  33     102180097.186320     102180102.515312      5.329 2007-03-28 15:21:37	 268435455.639670 268435461.319187	GRB	  0  1  1  0  0	  0 	 0	 46	 0	 0
043614  34     102180161.554080     102180167.027072      5.473 2007-03-28 15:22:41	 268435455.585247 268435461.464276	GRB	  0  1  1  0  0	  0 	 0	 0	 49	 0
043614  35     102180169.106048     102180174.707040      5.601 2007-03-28 15:22:49	 268435455.540652 268435461.596442	GRB	  0  1  1  0  0	  0 	 48	 0	 0	 0
043614  36     102180246.689760     102180252.018752      5.329 2007-03-28 15:24:06	 268435455.564947 268435461.311532	GRB	  0  1  1  0  0	  0 	 0	 43	 0	 0
043614  37     102180262.449712     102180267.890704      5.441 2007-03-28 15:24:22	 268435455.562001 268435461.426830	GRB	  0  1  1  0  0	  0 	 45	 0	 0	 0
043614  38     102180268.801680     102180274.034672      5.233 2007-03-28 15:24:28	 268435455.523434 268435461.227630	GRB	  0  1  1  0  0	  0 	 0	 45	 0	 0
043614  39     102180336.833472     102180342.130464      5.297 2007-03-28 15:25:36	 268435455.567699 268435461.282441	GRB	  0  1  1  0  0	  0 	 0	 0	 47	 0
043614  40     102180382.273264     102180387.698272      5.425 2007-03-28 15:26:22	 268435455.566316 268435461.419431	GRB	  0  1  1  0  0	  0 	 47	 0	 0	 0
043614  41     102180485.696880     102180491.121904      5.425 2007-03-28 15:28:05	 268435455.573850 268435461.410291	GRB	  0  1  1  0  0	  0 	 0	 46	 0	 0
043614  42     102180590.832512     102180596.081472      5.249 2007-03-28 15:29:50	 268435455.609040 268435461.241105	GRB	  0  1  1  0  0	  0 	 46	 0	 0	 0
043614  43     102180615.552432     102180621.169424      5.617 2007-03-28 15:30:15	 268435455.601501 268435461.604665	GRB	  0  1  1  0  0	  0 	 0	 49	 0	 0
043614  44     102180641.776304     102180647.281280      5.505 2007-03-28 15:30:41	 268435455.578932 268435461.494276	GRB	  0  1  1  0  0	  0 	 46	 0	 0	 0
043614  45     102180793.455728     102180798.832720      5.377 2007-03-28 15:33:13	 268435455.637103 268435461.368661	GRB	  0  1  1  1  0	  1 	   15   0      0      0 	 0	 51	 0	 0
043614  46     102183318.390208     102183323.847200      5.457 2007-03-28 16:15:18	 268435455.583263 268435461.444782	GRB	  0  1  1  1  0	  1 	   15   0      0      0 	 46	 0	 0	 0
043614  47     102183374.294000     102183379.654992      5.361 2007-03-28 16:16:14	 268435455.506163 268435461.354848	GRB	  0  1  1  0  0	  0 	 0	 45	 0	 0
043614   1     102172991.548800     102172996.909792      5.361 2007-03-28 13:23:11	 268435455.499635 268435461.352417	GRB	  0  1  1  0  0	  0 	 40	 0	 0	 0
043614   2     102174184.040384     102174189.353376      5.313 2007-03-28 13:43:04	 268435455.578189 268435461.308198	GRB	  0  1  1  0  0	  0 	 0	 42	 0	 0
043614   3     102174239.832192     102174245.161168      5.329 2007-03-28 13:43:59	 268435455.581350 268435461.322670	GRB	  0  1  1  0  0	  0 	 42	 0	 0	 0
043614   4     102174347.127792     102174352.680768      5.553 2007-03-28 13:45:47	 268435455.580887 268435461.543989	GRB	  0  1  1  0  0	  0 	 0	 47	 0	 0
043614   5     102174401.783584     102174407.976576      6.193 2007-03-28 13:46:41	 268435455.513262 268435462.187328	GRB	  0  1  1  0  0	  0 	 50	 0	 0	 0
043614   6     102174485.527280     102174490.920288      5.393 2007-03-28 13:48:05	 268435455.537096 268435461.384910	GRB	  0  1  1  0  0	  0 	 0	 45	 0	 0
043614   7     102174493.415248     102174498.600240      5.185 2007-03-28 13:48:13	 268435455.605523 268435461.176633	GRB	  0  1  1  0  0	  0 	 45	 0	 0	 0
043614   8     102174546.663056     102174551.848032      5.185 2007-03-28 13:49:06	 268435455.617129 268435461.175278	GRB	  0  1  1  0  0	  0 	 0	 0	 43	 0
043614   9     102174554.791024     102174560.040000      5.249 2007-03-28 13:49:14	 268435455.589859 268435461.242316	GRB	  0  1  1  0  0	  0 	 45	 0	 0	 0
043614  10     102174564.070976     102174569.255968      5.185 2007-03-28 13:49:24	 268435455.585458 268435461.175786	GRB	  0  1  1  0  0	  0 	 0	 45	 0	 0
043614  11     102174583.094912     102174588.711904      5.617 2007-03-28 13:49:43	 268435455.542211 268435461.611177	GRB	  0  1  1  0  0	  0 	 48	 0	 0	 0
043614  12     102174575.174944     102174580.519936      5.345 2007-03-28 13:49:35	 268435455.553718 268435461.330735	GRB	  0  1  1  0  0	  0 	 0	 0	 46	 0
043614  13     102174617.510816     102174623.015808      5.505 2007-03-28 13:50:17	 268435455.529855 268435461.498229	GRB	  0  1  1  0  0	  0 	 0	 0	 0	 47
043614  14     102174655.750640     102174661.927632      6.177 2007-03-28 13:50:55	 268435455.613611 268435462.169190	GRB	  0  1  1  0  0	  0 	 49	 0	 0	 0
043614  15     102174723.174384     102174728.487376      5.313 2007-03-28 13:52:03	 268435455.539813 268435461.305942	GRB	  0  1  1  0  0	  0 	 0	 45	 0	 0
043614  16     102174731.782368     102174737.191344      5.409 2007-03-28 13:52:11	 268435455.518055 268435461.389946	GRB	  0  1  1  0  0	  0 	 47	 0	 0	 0
043614  17     102174750.246288     102174755.623280      5.377 2007-03-28 13:52:30	 268435455.608489 268435461.369423	GRB	  0  1  1  0  0	  0 	 0	 0	 46	 0
043614  18     102174862.293872     102174867.750864      5.457 2007-03-28 13:54:22	 268435455.561228 268435461.448108	GRB	  0  1  1  1  0	  1 	   15   0      0      0 	 46	 0	 0	 0
043614  19     102174952.069536     102174957.350528      5.281 2007-03-28 13:55:52	 268435455.641458 268435461.265955	GRB	  0  1  1  1  0	  1 	   15   0      0      0 	 0	 48	 0	 0
043614  20     102175032.709248     102175038.246224      5.537 2007-03-28 13:57:12	 268435455.610327 268435461.534009	GRB	  0  1  1  0  0	  0 	 48	 0	 0	 0
043614  21     102175038.981216     102175044.390208      5.409 2007-03-28 13:57:18	 268435455.622255 268435461.399538	GRB	  0  1  1  0  0	  0 	 0	 47	 0	 0
043614  22     102175078.197072     102175083.814064      5.617 2007-03-28 13:57:58	 268435455.575745 268435461.611983	GRB	  0  1  1  0  0	  0 	 0	 0	 47	 0
043614  23     102175112.196944     102175117.605936      5.409 2007-03-28 13:58:32	 268435455.599788 268435461.402362	GRB	  0  1  1  0  0	  0 	 45	 0	 0	 0
043614  24     102175384.115920     102175389.476912      5.361 2007-03-28 14:03:04	 268435455.586115 268435461.346849	GRB	  0  1  1  1  0	  1 	   15   0      0      0 	 0	 49	 0	 0
043614  25     102175389.523904     102175395.108928      5.585 2007-03-28 14:03:09	 268433045.483613 268435461.581757	GRB	  0  1  1  1  0	  1 	   15   0      0      0 	 53	 0	 0	 0
043614  26     102178646.199696     102178651.512672      5.313 2007-03-28 14:57:26	 268435455.479998 268435461.307033	GRB	  0  1  1  1  0	  1 	   15   0      0      0 	 39	 0	 0	 0
043614  27     102179386.772992     102179392.373968      5.601 2007-03-28 15:09:46	 268435455.496242 268435461.594169	GRB	  0  1  1  1  0	  1 	   15   0      0      0 	 0	 44	 0	 0
043614  28     102179793.619440     102179798.900432      5.281 2007-03-28 15:16:33	 268435455.515114 268435461.276826	GRB	  0  1  1  0  0	  0 	 41	 0	 0	 0
043614  29     102179812.803376     102179818.356368      5.553 2007-03-28 15:16:52	 268435455.514203 268435461.544336	GRB	  0  1  1  0  0	  0 	 0	 45	 0	 0
043614  30     102179855.603216     102179860.852208      5.249 2007-03-28 15:17:35	 268435455.505481 268435461.242297	GRB	  0  1  1  0  0	  0 	 45	 0	 0	 0
043614  31     102179896.243056     102179901.812048      5.569 2007-03-28 15:18:16	 268435455.577374 268435461.556202	GRB	  0  1  1  0  0	  0 	 0	 47	 0	 0
043614  32     102180085.026368     102180091.251344      6.225 2007-03-28 15:21:25	 268435455.546742 268435462.218964	GRB	  0  1  1  0  0	  0 	 54	 0	 0	 0
043614  33     102180097.186320     102180102.515312      5.329 2007-03-28 15:21:37	 268435455.639670 268435461.319187	GRB	  0  1  1  0  0	  0 	 0	 46	 0	 0
043614  34     102180161.554080     102180167.027072      5.473 2007-03-28 15:22:41	 268435455.585247 268435461.464276	GRB	  0  1  1  0  0	  0 	 0	 0	 49	 0
043614  35     102180169.106048     102180174.707040      5.601 2007-03-28 15:22:49	 268435455.540652 268435461.596442	GRB	  0  1  1  0  0	  0 	 48	 0	 0	 0
043614  36     102180246.689760     102180252.018752      5.329 2007-03-28 15:24:06	 268435455.564947 268435461.311532	GRB	  0  1  1  0  0	  0 	 0	 43	 0	 0
043614  37     102180262.449712     102180267.890704      5.441 2007-03-28 15:24:22	 268435455.562001 268435461.426830	GRB	  0  1  1  0  0	  0 	 45	 0	 0	 0
043614  38     102180268.801680     102180274.034672      5.233 2007-03-28 15:24:28	 268435455.523434 268435461.227630	GRB	  0  1  1  0  0	  0 	 0	 45	 0	 0
043614  39     102180336.833472     102180342.130464      5.297 2007-03-28 15:25:36	 268435455.567699 268435461.282441	GRB	  0  1  1  0  0	  0 	 0	 0	 47	 0
043614  40     102180382.273264     102180387.698272      5.425 2007-03-28 15:26:22	 268435455.566316 268435461.419431	GRB	  0  1  1  0  0	  0 	 47	 0	 0	 0
043614  41     102180485.696880     102180491.121904      5.425 2007-03-28 15:28:05	 268435455.573850 268435461.410291	GRB	  0  1  1  0  0	  0 	 0	 46	 0	 0
043614  42     102180590.832512     102180596.081472      5.249 2007-03-28 15:29:50	 268435455.609040 268435461.241105	GRB	  0  1  1  0  0	  0 	 46	 0	 0	 0
043614  43     102180615.552432     102180621.169424      5.617 2007-03-28 15:30:15	 268435455.601501 268435461.604665	GRB	  0  1  1  0  0	  0 	 0	 49	 0	 0
043614  44     102180641.776304     102180647.281280      5.505 2007-03-28 15:30:41	 268435455.578932 268435461.494276	GRB	  0  1  1  0  0	  0 	 46	 0	 0	 0
043614  45     102180793.455728     102180798.832720      5.377 2007-03-28 15:33:13	 268435455.637103 268435461.368661	GRB	  0  1  1  1  0	  1 	   15   0      0      0 	 0	 51	 0	 0
043614  46     102183318.390208     102183323.847200      5.457 2007-03-28 16:15:18	 268435455.583263 268435461.444782	GRB	  0  1  1  1  0	  1 	   15   0      0      0 	 46	 0	 0	 0
043614  47     102183374.294000     102183379.654992      5.361 2007-03-28 16:16:14	 268435455.506163 268435461.354848	GRB	  0  1  1  0  0	  0 	 0	 45	 0	 0
